Date,Open,High,Low,Close,Volume,Adj Close
2012-05-21,2.70,3.06,2.67,2.83,12400,2.83
2012-05-14,2.76,2.89,2.60,2.67,13100,2.67
2012-05-07,2.54,3.00,2.48,2.80,68100,2.80
2012-04-30,2.54,2.77,2.38,2.59,161300,2.59
2012-04-23,2.76,3.01,2.54,2.56,5500,2.56
2012-04-16,2.54,3.01,2.40,2.76,14700,2.76
2012-04-09,3.70,3.74,2.46,2.60,59200,2.60
2012-04-02,3.89,3.92,3.61,3.73,2800,3.73
2012-03-26,3.97,4.08,3.65,3.92,59700,3.92
2012-03-19,4.00,4.11,3.71,3.99,72900,3.99
2012-03-12,3.85,3.91,3.63,3.84,42700,3.84
2012-03-05,3.91,3.91,3.60,3.82,58400,3.82
2012-02-27,3.95,4.11,3.77,3.93,10300,3.93
2012-02-21,4.00,4.11,3.91,4.00,7400,4.00
2012-02-13,3.96,4.39,3.96,4.00,42000,4.00
2012-02-06,4.12,4.21,3.96,4.02,12800,4.02
2012-01-30,4.28,4.28,3.96,4.20,16600,4.20
2012-01-23,4.00,4.36,3.83,4.29,22200,4.29
2012-01-17,4.05,4.15,3.81,4.00,900,4.00
2012-01-09,3.82,4.19,3.80,4.07,3900,4.07
2012-01-03,3.68,3.89,3.64,3.88,2500,3.88
2011-12-27,3.86,4.06,3.55,3.74,7100,3.74
2011-12-19,3.89,4.03,3.81,3.85,9500,3.85
2011-12-12,3.94,4.15,3.59,3.85,13000,3.85
2011-12-05,4.06,4.49,4.01,4.10,11300,4.10
2011-11-28,3.69,4.05,3.32,4.05,38100,4.05
2011-11-21,3.86,3.92,3.45,3.72,5100,3.72
2011-11-14,3.67,4.15,3.66,3.90,16500,3.90
2011-11-07,3.90,4.17,3.43,3.80,16700,3.80
2011-10-31,4.05,4.16,3.91,4.03,1700,4.03
2011-10-24,4.06,4.22,3.84,4.09,18100,4.09
2011-10-17,4.49,4.79,3.81,4.11,7700,4.11
2011-10-10,4.01,4.50,3.95,4.49,3300,4.49
2011-10-03,4.06,4.07,3.34,4.00,15400,4.00
2011-09-26,4.94,5.04,4.14,4.15,5500,4.15
2011-09-19,5.24,5.25,4.82,4.90,3100,4.90
2011-09-12,5.00,5.40,5.00,5.40,3800,5.40
2011-09-06,5.44,5.47,5.10,5.25,7300,5.25
2011-08-29,5.46,5.60,5.31,5.48,4100,5.48
2011-08-22,5.49,5.58,5.26,5.49,2400,5.49
2011-08-15,5.69,5.79,5.40,5.40,4600,5.40
2011-08-08,5.84,5.92,5.45,5.62,14100,5.62
2011-08-01,6.00,6.10,5.75,5.79,8700,5.79
2011-07-25,5.72,6.19,5.70,6.00,73300,6.00
2011-07-18,5.65,5.85,5.30,5.69,26200,5.69
2011-07-11,5.78,5.78,5.60,5.70,18700,5.70
2011-07-05,5.79,5.85,5.66,5.70,4000,5.70
2011-06-27,5.61,5.83,5.61,5.69,5700,5.69
2011-06-20,5.70,5.80,5.56,5.59,5800,5.59
2011-06-13,5.76,5.90,5.65,5.85,4900,5.85
2011-06-06,5.72,5.98,5.69,5.80,11400,5.80
2011-05-31,5.90,6.00,5.84,5.88,25800,5.88
2011-05-23,6.07,6.07,5.90,5.90,11000,5.90
2011-05-16,6.05,6.09,5.73,5.95,24500,5.95
2011-05-09,6.03,6.12,5.97,6.05,1800,6.05
2011-05-02,6.17,6.20,6.04,6.12,3600,6.12
2011-04-25,5.92,6.25,5.90,6.19,10900,6.19
2011-04-18,5.67,5.95,5.66,5.91,11600,5.91
2011-04-11,5.98,5.98,5.67,5.75,9100,5.75
2011-04-04,5.95,6.00,5.85,5.96,4000,5.96
2011-03-28,5.96,6.04,5.85,6.00,5500,6.00
2011-03-21,5.99,6.04,5.76,6.00,19800,6.00
2011-03-14,5.90,6.00,5.56,6.00,2100,6.00
2011-03-07,5.88,5.95,5.75,5.94,3900,5.94
2011-02-28,5.73,6.00,5.01,5.85,10600,5.85
2011-02-22,6.07,6.07,5.76,5.88,11700,5.88
2011-02-14,6.00,6.14,5.87,6.06,21500,6.06
2011-02-07,5.92,6.22,5.90,6.00,17500,6.00
2011-01-31,6.14,6.22,5.56,5.96,14200,5.96
2011-01-24,5.92,6.24,5.89,6.21,15000,6.21
2011-01-18,5.76,6.02,5.76,6.00,4700,6.00
2011-01-10,5.65,5.89,5.52,5.78,24900,5.78
2011-01-03,5.70,5.88,5.39,5.61,20000,5.61
2010-12-27,5.70,5.81,5.69,5.74,3000,5.74
2010-12-20,5.83,5.83,5.61,5.68,8800,5.68
2010-12-13,5.69,5.94,5.69,5.89,7100,5.89
2010-12-06,5.88,6.05,5.68,5.89,19100,5.89
2010-11-29,5.72,6.00,5.60,5.89,52700,5.89
2010-11-22,5.67,5.90,5.67,5.73,11400,5.73
2010-11-15,5.52,5.87,5.50,5.80,5600,5.80
2010-11-08,5.71,5.72,5.44,5.52,4800,5.52
2010-11-01,5.26,5.81,5.17,5.81,21200,5.81
2010-10-25,5.58,5.69,5.26,5.33,7200,5.33
2010-10-18,5.38,5.89,5.15,5.54,31400,5.54
2010-10-11,5.31,5.37,5.15,5.24,11600,5.24
2010-10-04,4.86,5.30,4.86,5.25,11500,5.25
2010-09-27,4.96,5.10,4.87,5.01,16800,5.01
2010-09-20,4.60,5.25,4.45,5.02,17800,5.02
2010-09-13,4.42,4.70,4.33,4.70,19400,4.70
2010-09-07,4.78,4.84,4.27,4.32,19300,4.32
2010-08-30,4.56,4.85,4.27,4.84,14300,4.84
2010-08-23,4.52,4.64,3.90,4.44,50100,4.44
2010-08-16,4.71,4.92,4.50,4.61,20000,4.61
2010-08-09,5.10,5.10,4.70,4.89,16700,4.89
2010-08-02,5.17,5.23,4.88,5.00,23700,5.00
2010-07-26,5.44,5.44,4.77,4.95,19900,4.95
2010-07-19,4.83,5.20,4.61,5.00,15500,5.00
2010-07-12,4.80,5.20,4.62,4.62,2700,4.62
2010-07-06,5.00,5.17,4.78,4.94,13300,4.94
2010-06-28,5.03,5.35,4.94,4.95,8400,4.95
2010-06-21,4.95,5.30,4.90,5.30,15900,5.30
2010-06-14,4.40,5.10,4.35,5.01,22700,5.01
2010-06-07,4.45,4.55,4.30,4.40,18100,4.40
2010-06-01,4.30,4.48,4.30,4.35,11600,4.35
2010-05-24,4.10,4.44,4.10,4.25,8400,4.25
2010-05-17,4.19,4.31,3.75,4.20,17800,4.20
2010-05-10,4.43,4.58,4.06,4.20,9900,4.20
2010-05-03,4.44,4.69,4.04,4.11,15400,4.11
2010-04-26,4.79,5.04,4.40,4.60,55600,4.60
2010-04-19,4.66,4.86,4.54,4.79,9300,4.79
2010-04-12,4.52,4.69,4.50,4.66,24100,4.66
2010-04-05,4.42,4.52,4.40,4.51,22900,4.51
2010-03-29,4.57,4.67,4.40,4.42,3300,4.42
2010-03-22,4.41,4.69,4.32,4.60,27000,4.60
2010-03-15,4.36,4.50,4.20,4.41,6500,4.41
2010-03-08,4.25,4.44,4.11,4.44,5500,4.44
2010-03-01,4.35,4.43,4.05,4.20,24000,4.20
2010-02-22,4.47,4.55,3.67,4.30,16900,4.30
2010-02-16,4.50,4.58,4.40,4.49,6300,4.49
2010-02-08,4.59,4.59,4.35,4.43,20300,4.43
2010-02-01,4.43,4.73,4.39,4.41,15000,4.41
2010-01-25,4.40,4.59,4.15,4.37,11300,4.37
2010-01-19,4.60,4.70,4.18,4.29,6500,4.29
2010-01-11,4.66,4.72,4.32,4.60,15900,4.60
2010-01-04,4.46,4.70,4.17,4.65,20400,4.65
2009-12-28,3.88,4.48,3.88,4.46,30100,4.46
2009-12-21,3.71,4.05,3.68,4.01,14500,4.01
2009-12-14,3.80,3.99,3.67,3.67,10800,3.67
2009-12-07,3.92,4.08,3.67,3.83,14400,3.83
2009-11-30,4.01,4.05,3.80,3.99,25700,3.99
2009-11-23,3.91,4.08,3.80,4.00,24500,4.00
2009-11-16,4.12,4.24,3.78,3.97,4800,3.97
2009-11-09,4.04,4.46,4.00,4.15,9700,4.15
2009-11-02,3.91,4.20,3.69,4.03,13000,4.03
2009-10-26,3.99,4.00,3.65,3.80,17500,3.80
2009-10-19,3.92,4.05,3.89,3.99,7200,3.99
2009-10-12,3.98,4.14,3.89,4.03,12600,4.03
2009-10-05,3.83,3.99,3.79,3.99,100,3.99
2009-09-28,3.65,3.95,3.63,3.83,7100,3.83
2009-09-21,3.87,4.05,3.55,3.80,3300,3.80
2009-09-14,3.44,4.19,3.33,3.88,21800,3.88
2009-09-08,3.14,3.45,3.09,3.42,12800,3.42
2009-08-31,3.35,3.35,3.07,3.10,7000,3.10
2009-08-24,3.38,3.38,3.13,3.13,3600,3.13
2009-08-17,3.17,3.45,3.10,3.45,17300,3.45
2009-08-10,3.38,3.67,3.16,3.17,5500,3.17
2009-08-03,3.14,3.38,3.14,3.38,5200,3.38
2009-07-27,2.94,3.33,2.78,3.09,18100,3.09
2009-07-20,3.20,3.50,2.93,3.10,22500,3.10
2009-07-13,3.11,3.31,2.95,3.20,3100,3.20
2009-07-06,2.84,3.23,2.66,3.14,6700,3.14
2009-06-29,3.00,3.16,2.79,3.16,4200,3.16
2009-06-22,2.98,3.17,2.82,2.95,15200,2.95
2009-06-15,3.01,3.03,2.82,3.03,8600,3.03
2009-06-08,3.07,3.25,3.05,3.05,1700,3.05
2009-06-01,3.06,3.22,2.92,3.15,4300,3.15
2009-05-26,3.00,3.20,2.82,3.02,7000,3.02
2009-05-18,3.17,3.20,2.91,2.97,2100,2.97
2009-05-11,3.27,3.56,3.01,3.17,9000,3.17
2009-05-04,2.72,3.42,2.70,3.37,8900,3.37
2009-04-27,2.88,2.93,2.54,2.74,14000,2.74
2009-04-20,2.70,2.86,2.51,2.70,6000,2.70
2009-04-13,2.91,2.97,2.60,2.66,3900,2.66
2009-04-06,2.75,2.98,2.54,2.97,4600,2.97
2009-03-30,2.90,3.00,2.72,2.92,1300,2.92
2009-03-23,2.84,3.04,2.72,2.91,1700,2.91
2009-03-16,2.73,2.84,2.52,2.84,2600,2.84
2009-03-09,1.89,2.74,1.89,2.74,2600,2.74
2009-03-02,2.33,2.74,2.00,2.34,20800,2.34
2009-02-23,2.56,2.57,2.20,2.45,28800,2.45
2009-02-17,2.69,2.69,2.50,2.50,2100,2.50
2009-02-09,2.62,2.83,2.53,2.68,9600,2.68
2009-02-02,2.55,2.70,2.50,2.69,11200,2.69
2009-01-26,2.41,2.61,2.41,2.55,10400,2.55
2009-01-20,2.60,2.60,2.47,2.47,200,2.47
2009-01-12,2.87,2.87,2.36,2.51,9100,2.51
2009-01-05,2.63,2.88,2.54,2.87,9300,2.87
2008-12-29,2.45,2.60,2.30,2.60,24500,2.60
2008-12-22,2.30,2.59,2.30,2.50,10500,2.50
2008-12-15,2.05,2.38,2.03,2.26,53300,2.26
2008-12-08,2.03,2.08,1.92,2.00,21700,2.00
2008-12-01,2.04,2.06,1.87,2.00,34100,2.00
2008-11-24,1.99,2.19,1.99,2.05,19100,2.05
2008-11-17,2.96,3.04,1.97,2.05,62900,2.05
2008-11-10,3.01,3.30,2.76,3.02,19000,3.02
2008-11-03,2.88,3.33,2.77,3.02,25300,3.02
2008-10-27,3.27,3.27,2.45,2.85,66300,2.85
2008-10-20,4.15,4.46,3.20,3.20,19400,3.20
2008-10-13,3.26,4.08,3.26,3.99,10100,3.99
2008-10-06,4.25,4.35,2.90,3.30,27900,3.30
2008-09-29,4.66,4.66,3.00,4.30,26000,4.30
2008-09-22,5.19,5.57,4.68,4.83,26300,4.83
2008-09-15,6.74,6.75,4.70,5.58,93300,5.58
2008-09-08,6.44,6.85,6.35,6.70,66600,6.70
2008-09-02,6.59,6.66,6.22,6.41,34200,6.41
2008-08-25,6.61,6.68,6.50,6.60,14000,6.60
2008-08-18,6.29,6.76,6.29,6.70,38400,6.70
2008-08-11,6.32,6.46,5.97,6.43,16200,6.43
2008-08-04,6.06,6.25,5.82,6.21,34700,6.21
2008-07-28,6.70,6.76,5.64,6.07,84700,6.07
2008-07-21,5.97,6.90,5.65,6.74,71200,6.74
2008-07-14,5.68,6.00,5.48,5.93,34000,5.93
2008-07-07,5.57,5.83,5.50,5.74,17300,5.74
2008-06-30,5.60,5.80,5.50,5.65,6300,5.65
2008-06-23,5.46,5.74,5.33,5.54,11400,5.54
2008-06-16,5.71,5.80,5.50,5.56,9400,5.56
2008-06-09,5.80,5.90,5.55,5.86,16000,5.86
2008-06-02,5.73,5.90,5.64,5.85,22900,5.85
2008-05-27,5.80,5.97,5.56,5.89,10200,5.89
2008-05-19,5.84,6.16,5.14,5.79,49900,5.79
2008-05-12,5.49,5.84,5.43,5.84,43300,5.84
2008-05-05,5.46,5.73,5.22,5.50,16400,5.50
2008-04-28,5.23,5.60,5.18,5.60,14900,5.60
2008-04-21,5.25,5.74,4.80,5.38,32600,5.38
2008-04-14,4.48,5.50,4.48,5.29,13100,5.29
2008-04-07,4.44,5.34,4.31,4.96,23000,4.96
2008-03-31,4.40,4.61,4.25,4.39,11200,4.39
2008-03-24,4.25,4.59,4.25,4.41,14800,4.41
2008-03-17,4.08,4.40,3.87,4.25,14000,4.25
2008-03-10,4.05,4.46,3.95,4.19,30600,4.19
2008-03-03,4.69,4.74,4.11,4.13,25300,4.13
2008-02-25,4.67,5.02,4.49,4.73,30700,4.73
2008-02-19,5.41,5.87,4.52,4.64,62700,4.64
2008-02-11,5.29,5.42,4.95,5.40,16900,5.40
2008-02-04,5.12,5.38,4.96,5.13,17700,5.13
2008-01-28,5.23,5.37,4.82,5.30,19700,5.30
2008-01-22,4.88,5.38,4.62,5.10,26900,5.10
2008-01-14,5.45,6.00,4.94,5.20,54200,5.20
2008-01-07,5.81,5.90,5.05,5.46,80100,5.46
2007-12-31,6.42,6.65,5.69,5.90,85000,5.90
2007-12-24,6.66,6.85,6.35,6.55,109400,6.55
2007-12-17,5.75,6.51,5.51,6.50,53800,6.50
2007-12-10,6.58,6.72,5.60,5.74,82300,5.74
2007-12-03,5.65,6.50,5.65,6.49,121300,6.49
2007-11-26,5.75,5.75,5.23,5.65,39000,5.65
2007-11-19,5.18,5.94,5.14,5.65,47100,5.65
2007-11-12,5.18,5.90,5.10,5.20,39000,5.20
2007-11-05,5.50,6.12,5.10,5.18,68500,5.18
2007-10-29,6.00,6.26,5.73,5.79,137600,5.79
2007-10-22,3.82,6.30,3.81,5.96,410000,5.96
2007-10-15,4.16,4.23,3.91,4.04,13400,4.04
2007-10-08,4.13,4.49,3.68,4.19,29500,4.19
2007-10-01,3.70,4.19,3.70,4.15,67400,4.15
2007-09-24,3.23,3.69,3.00,3.69,60100,3.69
2007-09-17,3.35,3.46,3.24,3.28,7700,3.28
2007-09-10,3.11,3.53,3.10,3.38,11400,3.38
2007-09-04,3.26,3.30,2.98,3.13,8900,3.13
2007-08-27,3.26,3.33,3.12,3.30,7000,3.30
2007-08-20,3.23,3.49,3.10,3.44,10500,3.44
2007-08-13,3.37,3.49,3.16,3.35,4500,3.35
2007-08-06,3.47,3.51,3.20,3.43,10500,3.43
2007-07-30,3.45,3.55,3.21,3.38,6500,3.38
2007-07-23,3.63,3.70,3.20,3.49,26400,3.49
2007-07-16,3.16,3.72,3.02,3.64,15400,3.64
2007-07-09,3.26,3.36,3.05,3.19,6900,3.19
2007-07-02,3.27,3.38,3.20,3.25,6000,3.25
2007-06-25,3.26,3.35,3.22,3.33,56400,3.33
2007-06-18,3.15,3.41,3.15,3.34,7200,3.34
2007-06-11,3.34,3.38,3.16,3.22,12000,3.22
2007-06-04,3.77,3.78,3.14,3.34,47300,3.34
2007-05-29,4.28,4.28,3.66,3.77,31800,3.77
2007-05-21,4.20,4.43,3.91,4.25,48100,4.25
2007-05-14,3.58,4.01,3.42,3.89,22300,3.89
2007-05-07,3.20,3.66,3.20,3.60,20700,3.60
2007-04-30,3.18,3.36,3.09,3.25,5700,3.25
2007-04-23,3.49,3.50,3.14,3.34,11200,3.34
2007-04-16,3.44,3.50,3.07,3.50,12200,3.50
2007-04-09,3.43,3.58,3.37,3.50,8000,3.50
2007-04-02,3.53,3.60,3.40,3.51,5100,3.51
2007-03-26,3.53,3.58,3.49,3.56,1900,3.56
2007-03-19,3.60,3.69,3.38,3.59,7700,3.59
2007-03-12,3.59,3.73,3.54,3.61,8500,3.61
2007-03-05,3.66,4.22,3.51,3.65,23400,3.65
2007-02-26,4.00,4.07,3.10,3.52,26500,3.52
2007-02-20,3.85,4.10,3.68,3.94,12000,3.94
2007-02-12,3.54,3.90,3.45,3.87,22600,3.87
2007-02-05,3.59,3.75,3.43,3.70,12700,3.70
2007-01-29,3.69,3.74,3.51,3.67,5600,3.67
2007-01-22,3.66,3.72,3.53,3.68,6500,3.68
2007-01-16,3.66,3.76,3.51,3.70,11200,3.70
2007-01-08,3.65,3.74,3.20,3.63,7100,3.63
2007-01-03,3.54,3.78,3.45,3.71,11500,3.71
2006-12-26,3.70,3.85,3.55,3.60,6700,3.60
2006-12-18,3.54,3.85,3.53,3.66,8600,3.66
2006-12-11,3.70,3.82,3.40,3.58,10800,3.58
2006-12-04,3.52,3.95,3.46,3.53,17500,3.53
2006-11-27,3.54,3.60,3.37,3.54,5000,3.54
2006-11-20,3.42,3.57,3.28,3.56,8200,3.56
2006-11-13,3.48,3.57,2.92,3.38,28700,3.38
2006-11-06,3.51,3.89,3.29,3.39,24300,3.39
2006-10-30,3.69,3.75,3.31,3.43,36000,3.43
2006-10-23,3.99,3.99,3.60,3.65,11800,3.65
2006-10-16,3.84,3.94,3.27,3.85,23900,3.85
2006-10-09,3.66,3.95,3.63,3.80,11400,3.80
2006-10-02,3.65,3.77,3.57,3.69,8000,3.69
2006-09-25,3.38,3.80,3.33,3.75,13500,3.75
2006-09-18,3.42,3.52,3.21,3.41,6800,3.41
2006-09-11,3.51,3.73,3.40,3.54,7000,3.54
2006-09-05,3.52,3.76,3.40,3.54,6900,3.54
2006-08-28,3.23,3.72,3.10,3.57,12200,3.57
2006-08-21,3.20,3.25,3.09,3.17,9800,3.17
2006-08-14,3.12,3.24,3.08,3.22,4300,3.22
2006-08-07,3.06,3.32,3.06,3.10,7600,3.10
2006-07-31,3.21,3.30,3.03,3.25,10500,3.25
2006-07-24,2.96,3.34,2.79,3.28,15500,3.28
2006-07-17,2.87,3.10,2.82,3.03,9200,3.03
2006-07-10,2.96,3.16,2.89,2.95,8600,2.95
2006-07-03,3.09,3.12,2.87,3.04,25600,3.04
2006-06-26,3.10,3.12,2.90,3.08,12200,3.08
2006-06-19,3.07,3.17,2.94,3.09,22600,3.09
2006-06-12,3.36,3.58,2.75,3.09,90500,3.09
2006-06-05,4.13,4.25,3.20,3.36,112300,3.36
2006-05-30,3.90,4.11,3.84,4.11,5400,4.11
2006-05-22,3.80,3.99,3.50,3.99,24300,3.99
2006-05-15,3.83,3.90,3.50,3.85,21500,3.85
2006-05-08,3.75,3.84,3.32,3.81,11400,3.81
2006-05-01,3.63,3.92,3.53,3.73,36700,3.73
2006-04-24,4.40,4.59,3.28,3.65,77500,3.65
2006-04-17,4.45,4.49,4.20,4.39,8600,4.39
2006-04-10,4.59,4.59,4.39,4.50,3700,4.50
2006-04-03,4.63,4.68,4.42,4.59,17300,4.59
2006-03-27,4.11,4.63,3.84,4.53,43600,4.53
2006-03-20,4.00,4.14,3.70,4.14,39100,4.14
2006-03-13,4.17,4.27,3.82,3.85,49300,3.85
2006-03-06,4.08,4.20,3.99,4.18,27900,4.18
2006-02-27,4.10,4.21,3.71,4.16,35900,4.16
2006-02-21,5.10,5.10,3.72,4.12,114600,4.12
2006-02-13,4.90,5.20,4.70,5.03,28900,5.03
2006-02-06,4.67,5.10,4.52,4.90,30500,4.90
2006-01-30,4.81,4.97,4.55,4.70,12900,4.70
2006-01-23,4.40,5.00,4.14,4.88,42900,4.88
2006-01-17,5.09,5.09,4.35,4.40,58300,4.40
2006-01-09,4.23,5.60,3.99,4.87,203200,4.87
2006-01-03,4.17,4.34,4.06,4.18,15100,4.18
2005-12-27,4.25,4.35,4.06,4.20,20300,4.20
2005-12-19,4.75,4.75,4.00,4.26,48000,4.26
2005-12-12,3.02,5.00,3.01,4.47,340900,4.47
2005-12-05,2.75,3.06,2.70,2.97,21500,2.97
2005-11-28,2.53,2.82,2.42,2.82,18700,2.82
2005-11-21,2.60,2.60,2.50,2.55,6500,2.55
2005-11-14,2.45,2.57,2.34,2.53,16400,2.53
2005-11-07,2.42,2.50,2.30,2.42,4800,2.42
2005-10-31,2.55,2.62,2.33,2.41,13600,2.41
2005-10-24,2.19,2.73,2.08,2.49,6500,2.49
2005-10-17,2.17,2.47,2.15,2.30,8900,2.30
2005-10-10,2.35,2.38,2.15,2.36,5600,2.36
2005-10-03,2.45,2.78,2.27,2.35,7700,2.35
2005-09-26,2.27,2.45,2.25,2.45,7400,2.45
2005-09-19,2.27,2.45,2.27,2.34,2900,2.34
2005-09-12,2.20,2.49,2.20,2.29,17600,2.29
2005-09-06,2.30,2.39,2.30,2.37,5900,2.37
2005-08-29,2.31,2.35,2.30,2.30,4500,2.30
2005-08-22,2.31,2.39,2.26,2.37,5000,2.37
2005-08-15,2.50,2.50,2.32,2.33,7300,2.33
2005-08-08,2.55,2.58,2.28,2.40,14600,2.40
2005-08-01,2.70,2.70,2.43,2.54,15600,2.54
2005-07-25,2.76,2.80,2.68,2.75,15100,2.75
2005-07-18,2.66,2.81,2.60,2.79,6300,2.79
2005-07-11,2.42,2.89,2.40,2.72,18000,2.72
2005-07-05,2.28,2.81,2.28,2.45,8600,2.45
2005-06-27,2.60,2.84,2.43,2.55,9000,2.55
2005-06-20,2.43,2.64,2.43,2.56,5000,2.56
2005-06-13,2.70,2.71,2.45,2.55,16500,2.55
2005-06-06,2.82,2.92,2.71,2.74,7500,2.74
2005-05-31,2.94,2.99,2.77,2.90,10400,2.90
2005-05-23,2.44,3.10,2.42,2.94,15000,2.94
2005-05-16,2.45,2.64,2.23,2.55,6900,2.55
2005-05-09,2.66,2.70,2.02,2.56,31600,2.56
2005-05-02,2.57,2.70,2.46,2.65,4600,2.65
2005-04-25,2.80,2.99,2.49,2.69,10700,2.69
2005-04-18,2.56,3.15,2.56,2.80,4000,2.80
2005-04-11,3.00,3.00,2.54,2.65,29200,2.65
2005-04-04,2.65,4.00,2.65,2.93,158600,2.93
2005-03-28,2.95,2.99,2.75,2.80,6700,2.80
2005-03-21,2.85,3.04,2.85,2.92,12000,2.92
2005-03-14,3.09,3.09,2.85,2.95,28200,2.95
2005-03-07,3.18,3.30,3.08,3.10,4600,3.10
2005-02-28,3.05,3.34,3.05,3.18,32900,3.18
2005-02-22,3.12,3.19,3.05,3.10,9100,3.10
2005-02-14,2.90,3.19,2.90,3.12,13100,3.12
2005-02-07,2.99,3.15,2.95,3.05,8600,3.05
2005-01-31,3.10,3.15,2.96,2.96,7800,2.96
2005-01-24,3.04,3.15,3.00,3.01,5200,3.01
2005-01-18,3.05,3.15,3.03,3.04,3500,3.04
2005-01-10,3.15,3.30,3.02,3.10,11600,3.10
2005-01-03,2.97,3.38,2.97,3.38,19400,3.38
2004-12-27,3.16,3.30,2.81,2.97,16600,2.97
2004-12-20,3.46,3.46,3.01,3.19,33100,3.19
2004-12-13,3.26,3.85,3.26,3.42,31800,3.42
2004-12-06,3.35,3.48,3.21,3.34,16300,3.34
2004-11-29,3.20,3.41,3.20,3.35,30500,3.35
2004-11-22,3.32,3.33,3.15,3.17,13300,3.17
2004-11-15,3.50,3.50,2.86,3.30,24700,3.30
2004-11-08,3.36,3.39,3.15,3.30,10200,3.30
2004-11-01,3.08,3.49,2.95,3.25,29300,3.25
2004-10-25,2.88,3.05,2.67,3.05,21100,3.05
2004-10-18,2.52,2.92,2.46,2.85,16100,2.85
2004-10-11,2.75,2.75,2.43,2.75,13600,2.75
2004-10-04,2.64,2.65,2.38,2.63,7100,2.63
2004-09-27,2.48,2.93,2.48,2.64,7800,2.64
2004-09-20,2.57,2.78,2.50,2.71,6400,2.71
2004-09-13,2.38,2.56,2.25,2.42,9100,2.42
2004-09-07,2.29,2.46,2.22,2.45,8300,2.45
2004-08-30,2.38,2.71,2.21,2.39,5300,2.39
2004-08-23,2.44,2.46,2.23,2.41,4100,2.41
2004-08-16,2.07,2.52,1.92,2.52,31500,2.52
2004-08-09,2.31,2.39,1.98,2.01,13200,2.01
2004-08-02,2.70,2.80,2.27,2.51,19000,2.51
2004-07-26,2.58,2.94,2.55,2.80,10700,2.80
2004-07-19,2.85,2.95,2.51,2.65,13900,2.65
2004-07-12,2.77,2.89,2.57,2.88,5300,2.88
2004-07-06,2.82,2.97,2.68,2.77,4600,2.77
2004-06-28,3.09,3.10,2.73,2.76,3700,2.76
2004-06-21,2.61,3.12,2.61,2.99,10400,2.99
2004-06-14,2.90,2.98,2.60,2.82,6400,2.82
2004-06-07,2.95,3.00,2.54,2.89,8400,2.89
2004-06-01,2.79,3.00,2.79,2.90,6300,2.90
2004-05-24,2.80,3.10,2.51,2.86,14600,2.86
2004-05-17,2.48,2.86,2.34,2.68,7000,2.68
2004-05-10,2.94,2.94,2.17,2.55,10000,2.55
2004-05-03,2.59,2.96,2.53,2.93,7700,2.93
2004-04-26,3.00,3.05,2.55,2.56,9200,2.56
2004-04-19,2.98,3.11,2.90,3.00,10100,3.00
2004-04-12,2.96,3.10,2.83,3.07,9100,3.07
2004-04-05,3.03,3.15,2.91,3.15,7200,3.15
2004-03-29,3.16,3.16,2.94,3.00,8600,3.00
2004-03-22,3.00,3.09,2.90,3.00,6800,3.00
2004-03-15,2.93,3.06,2.87,3.05,10500,3.05
2004-03-08,2.93,3.14,2.90,3.05,6900,3.05
2004-03-01,3.19,3.22,2.91,2.99,10700,2.99
2004-02-23,3.19,3.20,3.00,3.06,11100,3.06
2004-02-17,3.34,3.41,2.76,3.10,71400,3.10
2004-02-09,3.49,3.56,3.38,3.50,4900,3.50
2004-02-02,3.62,3.63,3.26,3.40,5200,3.40
2004-01-26,3.21,3.63,3.21,3.60,12400,3.60
2004-01-20,3.54,3.64,3.25,3.29,10800,3.29
2004-01-12,3.35,3.70,3.35,3.50,5600,3.50
2004-01-05,3.36,3.70,3.34,3.34,7300,3.34
2003-12-29,3.20,3.55,3.14,3.39,8300,3.39
2003-12-22,3.32,3.33,3.10,3.19,6500,3.19
2003-12-15,3.30,3.31,3.10,3.29,7200,3.29
2003-12-08,3.34,3.35,3.02,3.28,13200,3.28
2003-12-01,3.45,3.50,3.19,3.35,11200,3.35
2003-11-24,3.15,3.45,3.11,3.44,9800,3.44
2003-11-17,3.20,3.49,3.10,3.16,9400,3.16
2003-11-10,3.31,3.47,3.20,3.27,6900,3.27
2003-11-03,3.10,3.43,3.03,3.30,13600,3.30
2003-10-27,3.27,3.89,3.05,3.10,45100,3.10
2003-10-20,3.64,3.75,3.30,3.40,11200,3.40
2003-10-13,3.01,3.66,3.00,3.59,17400,3.59
2003-10-06,2.85,3.72,2.85,3.07,13400,3.07
2003-09-29,3.15,3.15,2.75,2.85,8700,2.85
2003-09-22,3.65,3.65,3.06,3.15,5800,3.15
2003-09-15,3.48,3.75,3.20,3.64,20900,3.64
2003-09-08,3.88,3.88,3.41,3.50,13900,3.50
2003-09-02,3.27,4.18,3.20,3.85,90300,3.85
2003-08-25,3.05,3.37,2.90,3.25,28300,3.25
2003-08-18,2.75,3.10,2.75,3.04,14600,3.04
2003-08-11,2.92,3.10,2.70,2.90,7600,2.90
2003-08-04,3.00,3.39,2.94,2.96,9000,2.96
2003-07-28,3.40,3.48,2.97,3.12,13600,3.12
2003-07-21,3.00,3.95,2.85,3.26,39700,3.26
2003-07-14,3.14,3.41,2.59,3.07,31300,3.07
2003-07-07,2.15,2.70,2.15,2.70,30200,2.70
2003-06-30,1.99,2.05,1.96,2.05,4200,2.05
2003-06-23,2.10,2.15,1.95,2.00,5000,2.00
2003-06-16,2.15,2.23,2.00,2.10,7400,2.10
2003-06-09,2.13,2.18,2.08,2.18,5900,2.18
2003-06-02,1.90,2.30,1.90,2.15,11600,2.15
2003-05-27,1.98,2.20,1.85,1.95,6800,1.95
2003-05-19,1.90,2.00,1.80,1.97,16800,1.97
2003-05-12,1.80,1.95,1.65,1.95,11800,1.95
2003-05-05,1.77,1.83,1.53,1.70,8700,1.70
2003-04-28,1.66,1.84,1.60,1.76,5100,1.76
2003-04-21,1.06,1.80,1.06,1.69,14000,1.69
2003-04-14,1.16,1.18,0.94,1.00,3900,1.00
2003-04-07,1.20,1.20,1.04,1.15,2100,1.15
2003-03-31,1.20,1.30,1.14,1.14,6300,1.14
2003-03-24,1.13,1.25,1.06,1.17,2000,1.17
2003-03-17,1.16,1.27,1.15,1.15,6400,1.15
2003-03-10,1.21,1.25,1.13,1.14,3300,1.14
2003-03-03,1.10,1.25,0.98,1.20,3800,1.20
2003-02-24,1.10,1.16,1.01,1.10,3900,1.10
2003-02-18,0.85,1.02,0.77,1.00,7500,1.00
2003-02-10,0.85,0.93,0.82,0.85,3200,0.85
2003-02-03,0.90,0.90,0.80,0.80,2600,0.80
2003-01-27,0.95,0.98,0.75,0.91,6600,0.91
2003-01-21,1.02,1.07,0.95,1.00,3400,1.00
2003-01-13,0.99,1.09,0.99,1.09,3800,1.09
2003-01-06,0.86,1.10,0.86,1.08,9800,1.08
2002-12-30,0.99,1.01,0.86,0.96,15700,0.96
2002-12-23,0.90,1.11,0.84,0.99,8600,0.99
2002-12-16,1.00,1.10,0.90,0.98,4600,0.98
2002-12-09,1.27,1.27,0.99,1.00,4500,1.00
2002-12-02,1.35,1.36,1.25,1.27,8100,1.27
2002-11-25,1.24,1.40,1.21,1.33,11800,1.33
2002-11-18,1.20,1.25,1.04,1.25,13900,1.25
2002-11-11,1.14,1.30,1.07,1.20,3500,1.20
2002-11-04,1.14,1.25,1.05,1.15,5900,1.15
2002-10-28,0.80,1.10,0.75,1.05,4400,1.05
2002-10-21,1.11,1.11,0.60,0.80,3300,0.80
2002-10-14,0.90,1.30,0.70,1.11,6900,1.11
2002-10-07,1.07,1.45,0.90,0.90,12300,0.90
2002-09-30,1.39,1.45,0.96,1.10,10200,1.10
2002-09-23,1.13,1.55,1.07,1.46,14300,1.46
2002-09-16,0.96,1.30,0.91,1.19,8900,1.19
2002-09-09,0.80,1.02,0.80,0.96,9700,0.96
2002-09-03,0.76,0.91,0.67,0.75,10900,0.75
2002-08-26,1.00,1.01,0.77,0.91,11300,0.91
2002-08-19,0.66,0.90,0.65,0.87,15000,0.87
2002-08-12,0.59,0.78,0.59,0.66,5300,0.66
2002-08-05,0.62,0.79,0.52,0.61,6300,0.61
2002-07-29,0.64,0.78,0.54,0.66,3600,0.66
2002-07-22,0.78,1.05,0.41,0.64,21000,0.64
2002-07-15,0.90,0.91,0.66,0.77,7100,0.77
2002-07-08,0.94,0.94,0.56,0.90,7500,0.90
2002-07-01,0.90,1.05,0.66,0.93,2300,0.93
2002-06-24,1.05,1.08,0.86,0.90,3500,0.90
2002-06-17,1.20,1.20,0.94,1.15,2400,1.15
2002-06-10,1.18,1.33,1.05,1.10,9000,1.10
2002-06-03,1.14,1.43,1.11,1.43,1000,1.43
2002-05-28,1.24,1.25,1.14,1.14,1900,1.14
2002-05-20,1.15,1.18,1.11,1.11,900,1.11
2002-05-13,1.32,1.45,1.15,1.15,1500,1.15
2002-05-06,1.15,1.35,0.97,1.15,400,1.15
2002-04-29,1.45,1.65,0.98,1.15,6000,1.15
2002-04-22,1.35,1.36,1.10,1.35,1900,1.35
2002-04-15,1.39,1.65,1.35,1.36,1700,1.36
2002-04-08,1.36,1.75,1.25,1.31,8600,1.31
2002-04-01,1.60,1.60,1.26,1.35,2700,1.35
2002-03-25,1.52,1.60,1.31,1.60,4300,1.60
2002-03-18,1.46,1.55,1.21,1.52,2100,1.52
2002-03-11,1.55,1.60,1.40,1.60,2700,1.60
2002-03-04,1.50,1.50,1.50,1.50,1700,1.50
2002-02-25,1.55,1.65,1.26,1.65,1100,1.65
2002-02-19,1.55,1.55,1.55,1.55,000,1.55
2002-02-11,1.54,1.56,1.53,1.55,1500,1.55
2002-02-04,1.77,1.80,1.20,1.50,1300,1.50
2002-01-28,1.85,1.85,1.68,1.75,1400,1.75
2002-01-22,1.77,2.00,1.77,1.97,3000,1.97
2002-01-14,1.78,1.97,1.75,1.77,800,1.77
2002-01-07,1.85,2.00,1.40,1.78,3700,1.78
2001-12-31,1.45,1.85,1.35,1.85,7900,1.85
2001-12-24,1.61,1.65,1.45,1.46,6800,1.46
2001-12-17,1.75,2.00,1.53,1.66,8500,1.66
2001-12-10,1.71,1.80,1.68,1.75,4600,1.75
2001-12-03,1.68,1.72,1.30,1.70,5300,1.70
2001-11-26,1.55,1.70,1.55,1.65,5100,1.65
2001-11-19,1.65,1.72,1.33,1.55,2000,1.55
2001-11-12,1.72,1.72,1.35,1.65,2900,1.65
2001-11-05,1.53,1.80,1.31,1.50,11900,1.50
2001-10-29,1.60,1.70,1.50,1.55,2500,1.55
2001-10-22,1.70,1.74,1.55,1.60,2800,1.60
2001-10-15,1.73,1.80,1.72,1.76,700,1.76
2001-10-08,1.65,1.89,1.50,1.62,3300,1.62
2001-10-01,1.95,2.11,1.50,1.52,16200,1.52
2001-09-24,1.95,2.20,1.93,2.20,4000,2.20
2001-09-10,2.20,2.20,1.50,1.95,7400,1.95
2001-09-04,2.24,2.25,2.19,2.19,1100,2.19
2001-08-27,2.26,2.32,2.24,2.24,14400,2.24
2001-08-20,2.28,2.44,2.24,2.26,9900,2.26
2001-08-13,2.10,2.50,2.10,2.50,600,2.50
2001-08-06,2.69,2.81,2.10,2.70,21800,2.70
2001-07-30,2.20,2.60,2.05,2.60,16600,2.60
2001-07-23,2.22,2.28,2.20,2.20,15000,2.20
2001-07-16,2.35,2.35,2.20,2.22,3600,2.22
2001-07-09,2.21,2.40,2.20,2.35,3200,2.35
2001-07-02,2.20,2.32,2.20,2.25,2700,2.25
2001-06-25,2.25,2.31,1.90,2.31,3600,2.31
2001-06-18,2.20,2.25,2.18,2.25,1600,2.25
2001-06-11,2.24,2.30,1.91,2.15,18100,2.15
2001-06-04,2.28,2.28,2.22,2.27,3600,2.27
2001-05-29,2.30,2.45,2.25,2.25,1900,2.25
2001-05-21,2.25,2.50,2.22,2.30,6700,2.30
2001-05-14,2.22,2.30,2.22,2.28,1900,2.28
2001-05-08,2.35,2.40,2.22,2.22,3700,2.22
2001-04-30,2.37,2.49,2.24,2.35,2400,2.35
2001-04-23,2.45,2.50,2.24,2.37,5800,2.37
2001-04-16,2.05,2.84,2.00,2.40,12100,2.40
2001-04-09,1.87,2.00,1.50,1.98,9200,1.98
2001-04-02,1.81,2.00,1.75,1.75,3800,1.75
2001-03-26,1.81,1.94,1.66,1.81,8300,1.81
2001-03-19,2.12,2.50,1.62,1.75,13700,1.75
2001-03-12,2.62,2.62,2.09,2.12,2900,2.12
2001-03-05,2.62,2.88,2.50,2.62,600,2.62
2001-02-26,2.75,3.00,2.50,2.59,3300,2.59
2001-02-20,2.88,3.06,2.56,2.75,2300,2.75
2001-02-12,3.12,3.12,2.50,2.69,7900,2.69
2001-02-05,1.94,3.81,1.94,3.12,25800,3.12
2001-01-29,2.16,2.50,1.78,2.00,21100,2.00
2001-01-22,2.25,2.25,2.06,2.12,5900,2.12
2001-01-16,2.44,2.53,2.12,2.25,15800,2.25
2001-01-08,2.48,2.56,2.06,2.50,17900,2.50
2001-01-02,2.25,2.75,2.12,2.50,11900,2.50
2000-12-26,2.44,2.62,1.50,2.06,87000,2.06
2000-12-18,3.19,3.38,2.06,2.25,37600,2.25
2000-12-11,3.44,3.56,2.94,3.25,25700,3.25
2000-12-04,3.50,3.62,3.44,3.44,19300,3.44
2000-11-27,3.88,4.19,3.50,3.62,12300,3.62
2000-11-20,4.25,4.25,3.88,3.94,8800,3.94
2000-11-13,4.27,4.75,4.12,4.12,4400,4.12
2000-11-06,4.38,4.75,4.00,4.00,11300,4.00
2000-10-30,4.62,4.86,3.98,4.38,23000,4.38
2000-10-23,4.12,5.25,3.81,4.75,31900,4.75
2000-10-16,3.78,4.25,3.78,4.06,5700,4.06
2000-10-09,3.94,3.94,3.59,3.75,10300,3.75
2000-10-02,3.78,3.94,3.69,3.69,3100,3.69
2000-09-25,3.91,3.91,3.75,3.75,3400,3.75
2000-09-18,3.75,4.06,3.62,3.75,19500,3.75
2000-09-11,4.00,4.00,3.75,3.75,30700,3.75
2000-09-05,4.06,4.12,3.88,3.94,11500,3.94
2000-08-30,4.09,4.25,4.00,4.06,5100,4.06
2000-08-21,3.88,4.06,3.81,4.00,14300,4.00
2000-08-14,4.25,4.38,3.88,3.88,4800,3.88
2000-08-07,4.12,4.38,4.00,4.38,22900,4.38
2000-07-31,4.25,4.25,3.88,3.94,28600,3.94
2000-07-24,4.25,4.41,4.00,4.12,22600,4.12
2000-07-17,4.28,4.75,4.12,4.12,26400,4.12
2000-07-10,4.75,4.88,4.25,4.62,10500,4.62
2000-07-03,4.38,4.75,3.94,4.75,15200,4.75
2000-06-26,4.42,4.88,3.88,4.00,21100,4.00
2000-06-19,4.62,4.62,4.38,4.50,7300,4.50
2000-06-12,4.62,4.88,4.25,4.62,7900,4.62
2000-06-05,4.00,5.00,4.00,4.38,31400,4.38
2000-05-30,3.88,4.50,3.62,3.78,35000,3.78
2000-05-22,4.56,5.00,3.62,3.88,18600,3.88
2000-05-15,4.53,4.88,4.25,4.50,20000,4.50
2000-05-08,5.00,5.00,4.50,4.69,11500,4.69
2000-05-01,4.50,5.25,4.50,4.63,14900,4.63
2000-04-24,3.88,5.06,3.75,4.59,34800,4.59
2000-04-17,3.44,3.97,3.38,3.81,26800,3.81
2000-04-10,3.94,4.00,3.38,3.44,59100,3.44
2000-04-03,4.12,4.37,2.00,3.81,64500,3.81
2000-03-27,4.63,5.00,3.88,4.12,45900,4.12
2000-03-20,5.12,5.62,4.12,4.37,63000,4.37
2000-03-13,6.25,7.12,4.75,4.88,121000,4.88
2000-03-06,4.81,6.62,4.50,6.25,179600,6.25
2000-02-28,5.41,5.44,4.50,4.94,49900,4.94
2000-02-22,5.56,5.81,4.50,5.31,111400,5.31
2000-02-14,6.62,6.88,5.38,5.62,241300,5.62
2000-02-07,2.84,7.12,2.75,6.25,610700,6.25
2000-01-31,2.47,2.91,2.47,2.87,53600,2.87
2000-01-24,2.50,3.00,2.50,2.50,26000,2.50
2000-01-18,2.97,3.06,2.38,2.87,55300,2.87
2000-01-10,2.66,3.13,2.62,3.00,26600,3.00
2000-01-03,2.87,2.87,2.38,2.75,27500,2.75
1999-12-27,2.50,3.50,2.44,2.75,91400,2.75
1999-12-20,2.56,2.87,2.50,2.50,50800,2.50
1999-12-13,3.09,3.44,2.50,2.56,55800,2.56
1999-12-06,1.94,3.25,1.94,3.19,108800,3.19
1999-11-29,2.06,2.38,1.81,1.81,33200,1.81
1999-11-22,2.47,2.50,1.94,2.06,39700,2.06
1999-11-15,2.50,2.69,2.25,2.38,124600,2.38
1999-11-08,1.72,2.50,1.72,2.38,176400,2.38
1999-11-01,1.47,1.75,1.41,1.69,41400,1.69
1999-10-25,1.44,1.56,1.19,1.44,55800,1.44
1999-10-18,1.53,1.53,1.06,1.28,94100,1.28
1999-10-11,1.69,1.78,1.31,1.31,18700,1.31
1999-10-04,1.63,1.88,1.63,1.75,13500,1.75
1999-09-27,1.88,1.88,1.63,1.75,9100,1.75
1999-09-20,1.89,1.91,1.72,1.75,25700,1.75
1999-09-13,1.67,2.00,1.66,1.88,39800,1.88
1999-09-07,1.88,1.88,1.66,1.69,14600,1.69
1999-08-30,1.75,1.91,1.72,1.81,16800,1.81
1999-08-23,1.81,1.94,1.63,1.75,32200,1.75
1999-08-16,1.78,1.94,1.75,1.81,39500,1.81
1999-08-09,1.59,1.81,1.53,1.78,47900,1.78
1999-08-02,1.56,1.69,1.25,1.63,39900,1.63
1999-07-26,1.61,1.69,1.25,1.56,35500,1.56
1999-07-19,1.63,1.78,1.47,1.66,39100,1.66
1999-07-12,1.56,1.63,1.41,1.63,26600,1.63
1999-07-06,1.37,1.50,1.31,1.50,46300,1.50
1999-06-28,1.27,1.44,1.22,1.31,25300,1.31
1999-06-21,1.37,1.37,1.12,1.31,51000,1.31
1999-06-14,1.39,1.41,1.25,1.37,39700,1.37
1999-06-07,1.28,1.41,1.25,1.37,20800,1.37
1999-06-01,1.25,1.44,1.22,1.28,25500,1.28
1999-05-24,1.34,1.37,1.12,1.16,54400,1.16
1999-05-17,1.44,1.44,1.25,1.31,18100,1.31
1999-05-10,1.44,1.47,1.31,1.31,16200,1.31
1999-05-03,1.19,1.47,1.19,1.37,25100,1.37
1999-04-26,1.12,1.37,1.12,1.25,21600,1.25
1999-04-19,1.25,1.31,1.03,1.25,22100,1.25
1999-04-12,1.25,1.34,1.00,1.09,36900,1.09
1999-04-05,1.37,1.37,1.25,1.25,22400,1.25
1999-03-29,1.41,1.44,1.25,1.31,15700,1.31
1999-03-22,1.44,1.50,1.31,1.31,43200,1.31
1999-03-15,1.50,1.56,1.44,1.44,56100,1.44
1999-03-08,1.53,1.63,1.37,1.45,49000,1.45
1999-03-01,1.63,1.75,1.50,1.56,14400,1.56
1999-02-22,2.12,2.12,1.56,1.75,38200,1.75
1999-02-16,1.88,2.38,1.81,1.88,13900,1.88
1999-02-08,2.31,2.38,1.63,1.94,24800,1.94
1999-02-01,2.25,2.59,2.25,2.31,21500,2.31
1999-01-25,2.50,2.62,2.38,2.38,32400,2.38
1999-01-19,2.53,2.62,2.31,2.47,45800,2.47
1999-01-11,2.25,2.75,2.12,2.53,51700,2.53
1999-01-04,1.84,2.62,1.72,2.12,57600,2.12
1998-12-28,1.81,1.81,1.69,1.72,69800,1.72
1998-12-21,1.75,1.88,1.69,1.69,47800,1.69
1998-12-14,1.56,1.88,1.53,1.75,100300,1.75
1998-12-07,1.63,1.66,1.50,1.56,62800,1.56
1998-11-30,1.69,1.69,1.50,1.63,55400,1.63
1998-11-23,1.63,1.69,1.50,1.56,38200,1.56
1998-11-16,1.75,1.81,1.50,1.53,70700,1.53
1998-11-09,1.66,1.78,1.53,1.56,69100,1.56
1998-11-02,1.50,1.69,1.44,1.50,104600,1.50
1998-10-26,1.84,2.00,1.53,1.56,45100,1.56
1998-10-19,1.94,2.50,1.81,1.84,61700,1.84
1998-10-12,2.28,2.38,1.94,2.00,33800,2.00
1998-10-05,2.44,2.50,2.28,2.28,51500,2.28
1998-09-28,2.38,2.50,2.31,2.50,29100,2.50
1998-09-21,2.41,2.62,2.25,2.31,24100,2.31
1998-09-14,2.56,2.62,2.12,2.41,29500,2.41
1998-09-08,2.75,2.75,2.50,2.53,47400,2.53
1998-08-31,2.75,2.78,2.50,2.53,62500,2.53
1998-08-24,2.75,2.87,2.50,2.69,59600,2.69
1998-08-17,2.84,2.94,2.69,2.75,60500,2.75
1998-08-10,3.25,3.25,2.50,2.94,201300,2.94
1998-08-03,3.34,3.62,2.87,3.06,71200,3.06
1998-07-27,3.50,4.12,3.25,3.41,61900,3.41
1998-07-20,3.38,3.75,3.38,3.75,10200,3.75
1998-07-13,3.75,3.75,3.38,3.56,8900,3.56
1998-07-06,3.50,3.75,3.19,3.31,16500,3.31
1998-06-29,3.25,3.69,3.25,3.34,13100,3.34
1998-06-22,3.00,3.56,3.00,3.25,15100,3.25
1998-06-15,4.19,4.50,3.13,3.50,19000,3.50
1998-06-08,4.37,4.50,4.19,4.31,26700,4.31
1998-06-01,4.63,4.75,4.37,4.50,8600,4.50
1998-05-26,4.50,4.75,4.25,4.75,32800,4.75
1998-05-18,4.75,4.88,4.44,4.44,35400,4.44
1998-05-11,5.12,5.31,4.00,4.75,87900,4.75
1998-05-04,5.31,5.38,4.88,5.19,106400,5.19
1998-04-27,5.38,5.44,5.25,5.38,31200,5.38
1998-04-20,5.12,5.62,5.12,5.25,39600,5.25
1998-04-13,5.25,5.38,5.00,5.19,48000,5.19
1998-04-06,5.56,5.62,5.25,5.25,18300,5.25
1998-03-30,5.25,5.62,5.12,5.56,23400,5.56
1998-03-23,5.31,5.38,4.88,5.25,90600,5.25
1998-03-16,5.38,5.50,5.25,5.31,34100,5.31
1998-03-09,5.62,5.62,5.38,5.47,28300,5.47
1998-03-02,5.69,5.75,5.50,5.56,24200,5.56
1998-02-23,5.75,5.81,5.56,5.56,30800,5.56
1998-02-17,5.75,6.00,5.62,5.75,40800,5.75
1998-02-09,5.81,6.13,5.75,5.87,16700,5.87
1998-02-02,5.94,6.38,5.75,5.81,24300,5.81
1998-01-26,5.87,6.13,5.62,6.00,17600,6.00
1998-01-20,6.13,6.13,5.62,6.00,25500,6.00
1998-01-12,5.50,6.13,5.50,6.13,12500,6.13
1998-01-05,6.00,6.50,5.50,5.75,18400,5.75
1997-12-29,6.13,6.38,6.00,6.00,13300,6.00
1997-12-22,6.25,6.62,6.13,6.13,12000,6.13
1997-12-15,6.50,6.69,6.25,6.31,17700,6.31
1997-12-08,6.75,6.94,6.38,6.38,16400,6.38
1997-12-01,7.50,7.50,6.75,6.94,32900,6.94
1997-11-24,7.44,7.59,7.25,7.50,20000,7.50
1997-11-17,7.37,7.63,7.37,7.59,26000,7.59
1997-11-10,7.37,7.63,7.25,7.37,31400,7.37
1997-11-03,7.25,7.50,7.00,7.37,48000,7.37
1997-10-27,7.37,7.50,6.88,7.00,46900,7.00
1997-10-20,6.62,7.50,6.50,7.37,29200,7.37
1997-10-13,6.75,7.00,6.62,6.88,13700,6.88
1997-10-06,7.75,7.88,6.62,7.00,30700,7.00
1997-09-29,7.12,8.00,7.12,7.75,75900,7.75
1997-09-22,6.50,7.63,6.31,6.88,51200,6.88
1997-09-15,6.25,6.50,6.25,6.44,42700,6.44
1997-09-08,6.38,6.62,6.25,6.44,34700,6.44
1997-09-02,4.75,6.62,4.75,6.62,75100,6.62
1997-08-25,4.63,5.00,4.63,4.75,25600,4.75
1997-08-18,4.88,5.12,4.63,4.63,4000,4.63
1997-08-11,4.88,5.12,4.75,4.88,14500,4.88
1997-08-04,5.25,5.25,4.88,4.88,14400,4.88
1997-07-28,5.00,5.25,5.00,5.25,16100,5.25
1997-07-21,5.12,5.38,5.00,5.00,4600,5.00
1997-07-14,5.38,5.38,5.00,5.25,14700,5.25
1997-07-07,5.38,5.75,5.38,5.38,14300,5.38
1997-06-30,5.38,5.38,4.88,5.38,9200,5.38
1997-06-23,5.87,6.00,5.38,5.38,11400,5.38
1997-06-16,6.25,6.25,5.87,5.87,7500,5.87
1997-06-09,6.00,6.25,5.87,6.25,6300,6.25
1997-06-02,6.00,6.25,5.62,6.25,11200,6.25
1997-05-27,5.50,6.50,5.25,6.00,35500,6.00
1997-05-19,5.38,5.38,5.00,5.12,12500,5.12
1997-05-12,4.63,5.62,4.63,5.25,40000,5.25
1997-05-05,4.50,5.00,4.50,5.00,6400,5.00
1997-04-28,4.88,4.88,4.50,4.88,10200,4.88
1997-04-21,4.50,4.88,4.50,4.63,4400,4.63
1997-04-14,4.63,4.88,4.50,4.63,11600,4.63
1997-04-07,4.63,4.88,4.63,4.63,11900,4.63
1997-03-31,4.63,4.88,4.63,4.75,12700,4.75
1997-03-24,4.63,4.88,4.63,4.63,8900,4.63
1997-03-17,4.69,4.75,4.63,4.63,21700,4.63
1997-03-10,4.63,4.75,4.63,4.75,14500,4.75
1997-03-04,4.88,5.12,4.63,4.63,17100,4.63
1997-02-24,4.37,5.00,4.37,4.75,12500,4.75
1997-02-18,5.00,5.25,4.37,4.75,19100,4.75
1997-02-10,5.12,5.25,4.75,5.25,17300,5.25
1997-02-03,5.06,5.50,5.00,5.12,16600,5.12
1997-01-27,5.12,5.38,5.06,5.06,12800,5.06
1997-01-20,5.00,5.38,5.00,5.12,14800,5.12
1997-01-13,5.00,5.38,5.00,5.31,5300,5.31
1997-01-06,5.19,5.38,5.00,5.12,17100,5.12
1996-12-30,5.00,5.25,5.00,5.00,35900,5.00
1996-12-23,4.75,5.25,4.75,5.06,37400,5.06
1996-12-16,4.75,5.12,4.63,4.88,56100,4.88
1996-12-09,4.50,4.98,4.50,4.75,31400,4.75
1996-12-02,4.63,4.88,4.50,4.75,30200,4.75
1996-11-25,4.75,5.00,4.63,4.75,9600,4.75
1996-11-18,5.12,5.38,4.75,4.88,13600,4.88
1996-11-11,4.37,5.38,4.12,5.25,29700,5.25
1996-11-04,4.31,4.37,4.00,4.37,38200,4.37
1996-10-28,4.88,5.12,4.25,4.37,17100,4.37
1996-10-21,4.88,5.12,4.88,4.88,9400,4.88
1996-10-14,5.38,5.50,4.75,4.88,12900,4.88
1996-10-07,5.38,5.75,5.25,5.38,9100,5.38
1996-09-30,5.00,5.62,5.00,5.38,10900,5.38
1996-09-23,4.88,5.25,4.88,5.25,27200,5.25
1996-09-16,4.88,5.25,4.88,4.88,19600,4.88
1996-09-09,4.75,5.25,4.75,4.88,21100,4.88
1996-09-03,4.63,5.02,4.63,5.02,34400,5.02
1996-08-26,4.50,5.12,4.37,4.75,23300,4.75
1996-08-19,5.00,5.12,4.50,4.63,8700,4.63
1996-08-12,5.25,5.25,5.00,5.06,14700,5.06
1996-08-05,4.75,5.38,4.75,5.00,10100,5.00
1996-07-29,5.00,5.12,4.75,4.75,14500,4.75
1996-07-22,5.12,5.38,4.88,5.00,9600,5.00
1996-07-15,5.25,5.62,4.63,5.12,27800,5.12
1996-07-08,5.38,5.75,5.25,5.62,20100,5.62
1996-07-01,5.75,6.00,5.38,5.50,12700,5.50
1996-06-24,6.25,6.25,5.38,5.75,35700,5.75
1996-06-17,6.62,6.75,6.38,6.62,31100,6.62
1996-06-10,6.38,6.88,6.38,6.62,23000,6.62
1996-06-03,6.50,6.75,6.25,6.50,24800,6.50
1996-05-28,6.13,6.62,6.13,6.50,33000,6.50
1996-05-20,6.00,6.50,6.00,6.50,28500,6.50
1996-05-13,5.75,6.25,5.75,6.25,57500,6.25
1996-05-06,6.25,6.50,5.75,6.13,41800,6.13
1996-04-29,6.38,6.62,6.25,6.38,96300,6.38
1996-04-22,6.00,6.50,5.87,6.50,55500,6.50
1996-04-15,5.38,6.38,5.38,6.13,31000,6.13
1996-04-08,6.25,6.50,5.12,5.50,85000,5.50
1996-04-01,6.50,6.75,6.25,6.25,11500,6.25
1996-03-25,6.62,6.88,6.50,6.50,21100,6.50
1996-03-18,7.12,7.50,6.62,6.62,66700,6.62
1996-03-11,7.12,7.25,7.12,7.25,58300,7.25
1996-03-04,7.00,7.50,7.00,7.12,58300,7.12
1996-02-26,7.25,7.25,6.75,7.25,49200,7.25
1996-02-20,6.88,7.50,6.50,7.06,68400,7.06
1996-02-12,7.37,7.63,6.50,6.62,36300,6.62
1996-02-05,7.25,7.63,7.25,7.37,42500,7.37
1996-01-29,7.37,7.75,7.12,7.37,38800,7.37
1996-01-22,6.00,7.63,5.38,7.25,73900,7.25
1996-01-15,6.13,6.50,6.00,6.13,24800,6.13
1996-01-08,6.88,7.12,6.13,6.38,33500,6.38
1996-01-02,6.62,7.12,6.62,6.88,18500,6.88
1995-12-26,6.38,7.00,6.38,6.88,60800,6.88
1995-12-18,6.75,7.00,6.00,6.62,153800,6.62
1995-12-11,7.37,7.50,6.75,6.75,152300,6.75
1995-12-04,7.88,8.00,6.75,7.50,105400,7.50
1995-11-27,7.88,8.12,7.88,8.00,26800,8.00
1995-11-20,7.88,8.12,7.88,7.88,66500,7.88
1995-11-13,7.88,8.25,7.88,7.88,30500,7.88
1995-11-06,8.38,8.50,7.88,8.00,40900,8.00
1995-10-30,7.88,8.50,7.75,8.25,38200,8.25
1995-10-23,8.00,8.25,7.50,7.88,71000,7.88
1995-10-16,8.25,8.50,7.63,8.00,59700,8.00
1995-10-09,8.00,8.50,7.50,8.25,59100,8.25
1995-10-02,8.50,8.75,7.75,8.12,63000,8.12
1995-09-25,8.62,9.00,8.12,8.75,63900,8.75
1995-09-18,8.75,9.13,8.50,8.62,54300,8.62
1995-09-11,9.00,9.25,8.38,8.75,71100,8.75
1995-09-05,8.75,9.13,7.88,8.75,103500,8.75
1995-08-28,8.75,8.87,8.25,8.50,38900,8.50
1995-08-21,9.13,9.75,8.50,8.75,83400,8.75
1995-08-14,8.12,9.13,7.63,9.13,110400,9.13
1995-08-07,7.88,9.13,7.88,8.25,120900,8.25
1995-07-31,9.88,10.37,7.88,7.88,207500,7.88
1995-07-24,10.63,12.62,9.62,9.75,306300,9.75
1995-07-17,10.37,11.75,9.25,10.25,275800,10.25
1995-07-10,10.12,11.00,9.50,10.37,232400,10.37
1995-07-03,9.25,10.12,9.13,10.00,152000,10.00
1995-06-26,9.00,9.38,8.62,8.75,99200,8.75
1995-06-19,9.50,9.62,8.87,9.13,120100,9.13
1995-06-12,8.12,9.50,7.88,9.50,118900,9.50
1995-06-05,7.88,8.87,7.75,8.00,128600,8.00
1995-05-30,8.12,8.25,7.75,7.88,35100,7.88
1995-05-22,7.75,9.13,7.50,8.12,161100,8.12
1995-05-15,7.12,8.12,7.00,7.75,133700,7.75
1995-05-08,7.12,7.25,6.88,7.12,52400,7.12
1995-05-01,6.88,7.25,6.62,7.25,127600,7.25
1995-04-24,6.88,7.00,6.62,6.62,72600,6.62
1995-04-17,5.87,7.00,5.87,6.88,150400,6.88
1995-04-10,5.38,6.13,5.38,6.00,118400,6.00
1995-04-03,4.88,5.62,4.88,5.50,91300,5.50
1995-03-27,5.00,5.25,4.75,5.25,36300,5.25
1995-03-20,4.75,5.00,4.50,4.75,31100,4.75
1995-03-13,5.00,5.00,4.37,4.63,36200,4.63
1995-03-06,4.88,5.12,4.88,5.00,17000,5.00
1995-02-27,5.50,5.50,4.88,4.88,34700,4.88
1995-02-21,5.38,5.50,4.88,5.25,79000,5.25
1995-02-13,5.50,5.75,5.12,5.38,21400,5.38
1995-02-06,5.62,5.75,5.38,5.62,24700,5.62
1995-01-30,5.62,5.87,5.25,5.62,30900,5.62
1995-01-23,5.87,6.00,5.62,5.75,33800,5.75
1995-01-16,5.50,6.00,5.25,5.62,35200,5.62
1995-01-09,5.50,5.87,5.00,5.50,57400,5.50
1995-01-03,5.50,6.00,5.12,5.44,71500,5.44
1994-12-27,5.50,5.75,5.25,5.50,47100,5.50
1994-12-19,5.00,5.50,4.75,5.50,50700,5.50
1994-12-12,5.12,5.12,4.75,4.75,46500,4.75
1994-12-05,4.50,5.62,4.25,5.00,145300,5.00
1994-11-28,3.88,4.50,3.75,4.19,30100,4.19
1994-11-21,4.50,4.50,3.88,4.00,17700,4.00
1994-11-14,4.25,4.50,4.12,4.50,35900,4.50
1994-11-07,4.75,5.00,4.25,4.37,43000,4.37
1994-10-31,4.50,4.75,4.00,4.50,80900,4.50
1994-10-24,3.44,4.50,3.44,4.25,76500,4.25
1994-10-17,3.50,3.62,3.38,3.50,47900,3.50
1994-10-10,3.06,3.75,3.06,3.56,47800,3.56
1994-10-03,3.31,3.44,3.00,3.06,17200,3.06
1994-09-26,3.31,3.44,3.31,3.44,13100,3.44
1994-09-19,3.44,3.44,3.31,3.31,6100,3.31
1994-09-12,3.31,3.44,3.25,3.31,13000,3.31
1994-09-06,3.38,3.50,3.25,3.31,20100,3.31
1994-08-29,3.31,3.50,3.31,3.50,24100,3.50
1994-08-22,3.38,3.50,3.31,3.38,53600,3.38
1994-08-15,3.31,3.50,3.25,3.44,29100,3.44
1994-08-08,3.38,3.50,3.25,3.31,20500,3.31
1994-08-01,3.13,3.44,3.06,3.38,21300,3.38
1994-07-25,2.75,3.25,2.62,3.19,58700,3.19
1994-07-18,2.75,2.87,2.75,2.87,13400,2.87
1994-07-11,2.87,3.00,2.75,2.75,18300,2.75
1994-07-05,2.94,2.94,2.87,2.87,8600,2.87
1994-06-27,3.13,3.13,2.94,2.97,11500,2.97
1994-06-20,3.00,3.13,3.00,3.06,30300,3.06
1994-06-13,3.00,3.13,2.87,3.06,7700,3.06
1994-06-06,2.75,3.13,2.62,3.00,22600,3.00
1994-05-31,2.87,2.87,2.50,2.50,10600,2.50
1994-05-23,3.13,3.13,2.75,3.00,7900,3.00
1994-05-16,2.94,3.06,2.75,2.87,17400,2.87
1994-05-09,2.81,2.94,2.75,2.75,8300,2.75
1994-05-02,3.13,3.25,2.75,3.13,24000,3.13
1994-04-25,3.00,3.38,2.87,3.38,19400,3.38
1994-04-18,3.06,3.25,2.87,3.00,29400,3.00
1994-04-11,3.06,3.25,3.00,3.19,7900,3.19
1994-04-04,3.31,3.50,3.00,3.06,17100,3.06
1994-03-28,3.31,3.50,3.31,3.50,9400,3.50
1994-03-21,3.31,3.62,3.31,3.38,30100,3.38
1994-03-14,3.50,3.50,3.31,3.50,15900,3.50
1994-03-07,3.25,3.50,3.25,3.38,38400,3.38
1994-02-28,2.94,3.50,2.94,3.50,42900,3.50
1994-02-22,2.87,3.13,2.87,3.00,14500,3.00
1994-02-14,2.87,3.13,2.75,2.87,14400,2.87
1994-02-07,3.00,3.00,2.75,2.75,6200,2.75
1994-01-31,2.87,3.13,2.75,2.87,79000,2.87
1994-01-24,2.50,3.13,2.50,2.75,143200,2.75
1994-01-17,2.38,2.62,2.38,2.50,36900,2.50
1994-01-10,2.38,2.50,2.38,2.50,8900,2.50
1994-01-03,2.44,2.50,2.25,2.44,20100,2.44
1993-12-27,2.56,2.62,2.38,2.44,79900,2.44
1993-12-20,2.50,2.69,2.50,2.69,70000,2.69
1993-12-13,2.38,2.75,2.38,2.50,19900,2.50
1993-12-06,2.50,2.62,2.38,2.62,32200,2.62
1993-11-29,2.62,2.75,2.38,2.50,46200,2.50
1993-11-22,2.62,2.75,2.25,2.56,66200,2.56
1993-11-15,2.87,2.94,2.50,2.50,29200,2.50
1993-11-08,2.50,2.87,2.38,2.87,24300,2.87
1993-11-01,2.87,2.87,2.25,2.50,66300,2.50
1993-10-25,3.00,3.13,2.62,2.62,17700,2.62
1993-10-18,3.00,3.13,2.87,3.13,19400,3.13
1993-10-11,2.87,3.19,2.87,3.00,24300,3.00
1993-10-04,2.94,3.13,2.87,3.00,23800,3.00
1993-09-27,3.13,3.13,2.87,2.87,89200,2.87
1993-09-20,3.00,3.25,2.87,2.87,23200,2.87
1993-09-13,3.13,3.25,2.87,3.19,18200,3.19
1993-09-07,3.13,3.25,3.13,3.25,32000,3.25
1993-08-30,3.00,3.25,3.00,3.25,20900,3.25
1993-08-23,3.00,3.13,3.00,3.13,7800,3.13
1993-08-16,3.13,3.13,3.00,3.00,5600,3.00
1993-08-09,3.13,3.13,2.87,3.13,6000,3.13
1993-08-02,3.00,3.25,2.87,2.87,12300,2.87
1993-07-26,3.00,3.25,3.00,3.00,4800,3.00
1993-07-19,3.00,3.38,2.87,3.25,22500,3.25
1993-07-12,3.13,3.25,2.87,3.00,22800,3.00
1993-07-06,3.13,3.13,2.87,3.13,35300,3.13
1993-06-28,3.13,3.25,3.00,3.00,20200,3.00
1993-06-21,3.13,3.25,3.13,3.25,16400,3.25
1993-06-14,3.62,3.75,3.13,3.38,52600,3.38
1993-06-07,3.62,3.75,3.38,3.62,19000,3.62
1993-06-01,3.75,3.88,3.62,3.62,6300,3.62
1993-05-24,3.50,3.88,3.50,3.62,16300,3.62
1993-05-17,3.94,3.94,3.50,3.50,21000,3.50
1993-05-10,3.88,4.00,3.88,3.88,8100,3.88
1993-05-03,3.88,4.00,3.75,3.94,32400,3.94
1993-04-26,3.50,3.88,3.50,3.88,15200,3.88
1993-04-19,4.37,4.75,3.38,3.50,68400,3.50
1993-04-12,4.25,4.37,4.00,4.25,28700,4.25
1993-04-05,4.00,4.25,4.00,4.12,10500,4.12
1993-03-29,4.25,4.50,4.00,4.12,24500,4.12
1993-03-22,4.37,4.50,4.12,4.25,17700,4.25
1993-03-15,4.50,4.63,4.37,4.37,9800,4.37
1993-03-08,4.50,4.75,4.37,4.63,17700,4.63
1993-03-01,4.50,4.75,4.37,4.50,21500,4.50
1993-02-22,4.63,4.63,4.37,4.63,38400,4.63
1993-02-16,4.63,4.88,4.37,4.63,16300,4.63
1993-02-08,4.37,4.88,4.25,4.63,22100,4.63
1993-02-01,4.25,4.63,4.12,4.12,14000,4.12
1993-01-25,4.37,4.88,4.25,4.37,31200,4.37
1993-01-18,4.25,4.63,4.12,4.50,30000,4.50
1993-01-11,4.88,4.88,4.00,4.25,44800,4.25
1993-01-04,4.75,5.00,4.50,4.75,37400,4.75
1992-12-28,4.75,4.88,4.63,4.75,27300,4.75
1992-12-21,4.88,4.88,4.50,4.63,11200,4.63
1992-12-14,5.12,5.25,4.50,4.63,23800,4.63
1992-12-07,5.62,5.62,4.75,5.12,31100,5.12
1992-11-30,4.25,5.62,4.25,5.38,86600,5.38
1992-11-23,4.50,4.50,4.25,4.37,13900,4.37
1992-11-16,4.63,4.63,4.25,4.37,17300,4.37
1992-11-09,4.12,4.63,4.00,4.63,28200,4.63
1992-11-02,3.75,4.25,3.62,4.25,19900,4.25
1992-10-26,3.75,4.00,3.75,3.75,12200,3.75
1992-10-19,3.88,4.00,3.62,4.00,13300,4.00
1992-10-12,4.12,4.12,3.75,4.12,4500,4.12
1992-10-05,4.00,4.12,3.75,4.12,12400,4.12
1992-09-28,4.25,4.37,3.88,4.12,34500,4.12
1992-09-21,4.00,4.37,3.75,4.25,19800,4.25
1992-09-14,3.62,4.00,3.50,3.75,15300,3.75
1992-09-08,3.13,3.75,3.13,3.62,31600,3.62
1992-08-31,3.38,3.38,3.13,3.25,32100,3.25
1992-08-24,3.25,3.50,3.13,3.38,23600,3.38
1992-08-17,3.38,3.38,3.25,3.38,18600,3.38
1992-08-10,3.50,3.75,3.25,3.25,35900,3.25
1992-08-03,3.56,3.75,3.38,3.38,33000,3.38
1992-07-27,3.62,3.75,3.44,3.50,23300,3.50
1992-07-20,3.62,3.75,3.50,3.75,21900,3.75
1992-07-13,3.38,3.75,3.38,3.50,55000,3.50
1992-07-06,3.38,3.50,3.25,3.50,19200,3.50
1992-06-29,3.50,3.62,3.13,3.44,48200,3.44
1992-06-22,3.62,3.75,3.00,3.13,31100,3.13
1992-06-15,3.75,4.00,3.25,3.62,65200,3.62
1992-06-08,4.12,4.37,3.75,4.00,36700,4.00
1992-06-01,4.25,4.50,4.00,4.12,46800,4.12
1992-05-26,4.63,4.75,4.25,4.50,42300,4.50
1992-05-18,4.50,4.63,4.25,4.63,35100,4.63
1992-05-11,4.37,4.50,3.88,4.50,39200,4.50
1992-05-04,4.37,4.50,4.12,4.37,23700,4.37
1992-04-27,4.37,4.63,4.12,4.50,69800,4.50
1992-04-20,5.25,5.25,3.81,4.37,84700,4.37
1992-04-13,5.25,5.50,5.00,5.19,21200,5.19
1992-04-06,5.38,5.62,4.88,5.50,27600,5.50
1992-03-30,5.87,6.00,5.38,5.50,31000,5.50
1992-03-23,5.50,6.13,5.38,5.87,75800,5.87
1992-03-16,6.00,6.00,5.38,5.62,35200,5.62
1992-03-09,5.87,6.13,5.38,5.75,54100,5.75
1992-03-02,6.13,6.50,5.87,5.87,50200,5.87
1992-02-24,6.38,6.62,5.25,6.13,118600,6.13
1992-02-18,8.25,8.25,6.25,6.62,178300,6.62
1992-02-10,7.50,8.62,7.25,8.00,126200,8.00
1992-02-03,7.12,8.25,6.75,7.50,126100,7.50
1992-01-27,6.00,7.50,5.87,7.12,250700,7.12
1992-01-20,5.75,6.25,5.38,6.13,94100,6.13
1992-01-13,6.00,6.00,5.50,5.75,60300,5.75
1992-01-06,5.50,6.00,5.25,5.75,84700,5.75
1991-12-30,5.00,5.38,4.75,5.25,49500,5.25
1991-12-23,5.38,5.50,5.00,5.25,46400,5.25
1991-12-16,5.87,6.13,5.25,5.50,75600,5.50
1991-12-09,5.87,6.00,5.00,5.87,36600,5.87
1991-12-02,5.50,5.87,5.25,5.75,26900,5.75
1991-11-25,5.25,5.50,5.00,5.50,18400,5.50
1991-11-18,5.62,5.62,5.00,5.12,57900,5.12
1991-11-11,5.00,6.13,4.88,5.62,148500,5.62
1991-11-04,4.94,5.12,4.88,4.88,31900,4.88
1991-10-28,5.12,5.62,4.88,5.12,84800,5.12
1991-10-21,5.00,5.25,4.88,4.88,106700,4.88
1991-10-14,4.06,5.25,4.06,5.00,113900,5.00
1991-10-07,4.12,4.25,4.00,4.12,24400,4.12
1991-09-30,4.00,4.63,3.88,4.00,52200,4.00
1991-09-23,3.88,4.00,3.62,3.94,27000,3.94
1991-09-16,4.12,4.25,3.62,3.88,36700,3.88
1991-09-09,4.12,4.63,4.06,4.12,63100,4.12
1991-09-03,4.12,4.37,4.06,4.12,62800,4.12
1991-08-26,3.75,4.25,3.38,4.25,42800,4.25
1991-08-19,3.75,3.88,3.50,3.62,102000,3.62
1991-08-12,4.12,4.25,3.75,3.75,33500,3.75
1991-08-05,4.25,4.25,4.12,4.12,24800,4.12
1991-07-29,4.50,4.50,3.94,4.25,43300,4.25
1991-07-22,4.37,4.63,4.25,4.25,41700,4.25
1991-07-15,4.63,4.75,4.37,4.50,11300,4.50
1991-07-08,4.88,5.12,4.63,4.63,45400,4.63
1991-07-01,4.25,5.00,4.12,5.00,29200,5.00
1991-06-24,4.25,4.50,3.88,4.12,36300,4.12
1991-06-17,4.88,4.88,4.25,4.50,29400,4.50
1991-06-10,5.50,5.50,4.75,4.75,21600,4.75
1991-06-03,5.75,6.00,5.50,5.50,23300,5.50
1991-05-28,5.50,6.00,5.50,5.75,22700,5.75
1991-05-20,5.62,5.87,5.50,5.62,35600,5.62
1991-05-13,6.25,6.38,5.62,5.62,60100,5.62
1991-05-06,5.87,6.50,5.25,6.25,100600,6.25
1991-04-29,6.25,6.25,5.62,5.62,61100,5.62
1991-04-22,6.00,6.50,5.62,6.25,92900,6.25
1991-04-15,6.25,6.62,5.87,6.13,103700,6.13
1991-04-08,6.25,6.50,5.75,6.25,84600,6.25
1991-04-01,5.00,6.62,5.00,6.25,146700,6.25
1991-03-25,5.38,5.38,5.00,5.12,61800,5.12
1991-03-18,5.38,5.38,4.88,5.12,43000,5.12
1991-03-11,5.25,5.38,4.75,5.38,102100,5.38
1991-03-04,5.00,5.50,4.88,5.12,277000,5.12
1991-02-25,4.25,5.12,3.88,5.00,224600,5.00
1991-02-19,3.13,4.63,3.13,4.25,249500,4.25
1991-02-11,3.13,3.50,3.00,3.25,30000,3.25
1991-02-04,3.13,3.13,2.87,3.00,15800,3.00
1991-01-28,2.56,3.13,2.38,3.13,44400,3.13
1991-01-21,2.38,2.62,2.00,2.62,15800,2.62
1991-01-14,2.12,2.25,2.00,2.25,2500,2.25
1991-01-07,2.12,2.25,2.00,2.06,7700,2.06
1990-12-31,2.00,2.25,2.00,2.12,24000,2.12
1990-12-24,2.12,2.25,2.00,2.00,55200,2.00
1990-12-17,2.25,2.38,2.00,2.12,56900,2.12
1990-12-10,2.38,2.38,2.25,2.25,22100,2.25
1990-12-03,2.25,2.62,2.25,2.44,25300,2.44
1990-11-26,2.12,2.25,2.12,2.19,8500,2.19
1990-11-19,2.00,2.25,2.00,2.12,16500,2.12
1990-11-12,2.12,2.25,2.00,2.12,7000,2.12
1990-11-05,2.25,2.38,2.00,2.00,12200,2.00
1990-10-29,2.50,2.62,2.25,2.25,11800,2.25
1990-10-22,2.62,2.75,2.50,2.62,13200,2.62
1990-10-15,2.62,2.62,2.50,2.62,5500,2.62
1990-10-08,2.62,2.75,2.50,2.75,10500,2.75
1990-10-01,2.62,3.00,2.50,2.62,21000,2.62
1990-09-24,3.13,3.13,2.50,2.62,30800,2.62
1990-09-17,3.13,3.50,3.13,3.13,20000,3.13
1990-09-10,3.25,3.25,3.13,3.19,25400,3.19
1990-09-04,3.38,3.50,3.13,3.25,15100,3.25
1990-08-27,3.38,3.50,3.25,3.50,15100,3.50
1990-08-20,3.50,3.75,3.13,3.13,47800,3.13
1990-08-13,3.38,3.75,3.38,3.75,30900,3.75
1990-08-06,3.62,3.75,3.38,3.62,16800,3.62
1990-07-30,3.75,4.00,3.34,3.62,34200,3.62
1990-07-23,3.50,3.75,3.38,3.75,30400,3.75
1990-07-16,3.75,3.75,3.38,3.50,62400,3.50
1990-07-09,3.62,3.88,3.62,3.62,22900,3.62
1990-07-02,3.62,3.88,3.50,3.75,30700,3.75
1990-06-25,3.25,3.50,3.25,3.38,44400,3.38
1990-06-18,3.38,3.38,3.25,3.25,24600,3.25
1990-06-11,3.25,3.38,3.25,3.25,18700,3.25
1990-06-04,3.38,3.50,3.25,3.38,25800,3.38
1990-05-29,3.13,3.50,3.13,3.38,24700,3.38
1990-05-21,3.13,3.38,3.13,3.19,21200,3.19
1990-05-14,3.13,3.25,3.13,3.25,33000,3.25
1990-05-07,3.25,3.38,3.00,3.13,34700,3.13
1990-04-30,3.25,3.38,3.25,3.38,9000,3.38
1990-04-23,3.25,3.38,3.13,3.38,17400,3.38
1990-04-16,3.00,3.25,3.00,3.13,22900,3.13
1990-04-09,3.00,3.13,3.00,3.00,22400,3.00
1990-04-02,3.00,3.13,3.00,3.00,14400,3.00
1990-03-26,3.25,3.25,2.87,3.00,11700,3.00
