Date,Open,High,Low,Close,Volume,Adj Close
2012-05-21,0.66,0.71,0.66,0.71,74500,0.71
2012-05-14,0.67,0.71,0.61,0.68,106700,0.68
2012-05-07,0.68,0.70,0.66,0.68,31600,0.68
2012-04-30,0.70,0.71,0.66,0.68,56000,0.68
2012-04-23,0.71,0.71,0.65,0.71,62700,0.71
2012-04-16,0.69,0.72,0.66,0.71,66200,0.71
2012-04-09,0.74,0.74,0.67,0.72,101200,0.72
2012-04-02,0.79,0.79,0.73,0.73,59800,0.73
2012-03-26,0.78,0.81,0.74,0.78,101000,0.78
2012-03-19,0.77,0.79,0.65,0.77,328900,0.77
2012-03-12,0.80,0.83,0.75,0.79,142900,0.79
2012-03-05,0.95,0.95,0.75,0.83,306700,0.83
2012-02-27,1.00,1.00,0.92,0.94,170700,0.94
2012-02-21,1.03,1.05,0.96,0.98,920800,0.98
2012-02-13,1.45,1.47,0.90,1.01,985700,1.01
2012-02-06,1.51,1.57,1.41,1.46,97500,1.46
2012-01-30,1.43,1.64,1.40,1.48,123600,1.48
2012-01-23,1.41,1.50,1.38,1.43,59200,1.43
2012-01-17,1.44,1.77,1.39,1.41,292500,1.41
2012-01-09,1.25,1.44,1.20,1.42,78300,1.42
2012-01-03,1.23,1.30,1.23,1.28,39200,1.28
2011-12-27,1.25,1.30,1.15,1.23,59900,1.23
2011-12-19,1.21,1.30,1.16,1.28,57300,1.28
2011-12-12,1.40,1.40,1.09,1.18,72700,1.18
2011-12-05,1.45,1.50,1.35,1.39,42800,1.39
2011-11-28,1.35,1.48,1.30,1.43,52400,1.43
2011-11-21,1.46,1.46,1.28,1.31,92400,1.31
2011-11-14,1.44,1.57,1.44,1.44,62400,1.44
2011-11-07,1.49,1.71,1.34,1.50,157300,1.50
2011-10-31,1.46,1.67,1.45,1.46,152400,1.46
2011-10-24,1.39,1.57,1.35,1.50,66600,1.50
2011-10-17,1.55,1.60,1.33,1.39,64700,1.39
2011-10-10,1.38,1.55,1.29,1.51,78000,1.51
2011-10-03,1.50,1.50,1.21,1.36,106700,1.36
2011-09-26,1.61,1.61,1.46,1.50,81800,1.50
2011-09-19,1.62,1.92,1.52,1.63,155300,1.63
2011-09-12,1.61,1.71,1.55,1.68,77900,1.68
2011-09-06,1.53,1.72,1.47,1.65,56200,1.65
2011-08-29,1.51,1.77,1.51,1.60,92200,1.60
2011-08-22,1.54,1.60,1.45,1.49,50800,1.49
2011-08-15,1.60,1.74,1.45,1.47,106400,1.47
2011-08-08,1.69,1.71,1.45,1.57,147900,1.57
2011-08-01,2.29,2.45,1.59,1.81,194000,1.81
2011-07-25,2.16,2.23,2.07,2.23,46000,2.23
2011-07-18,2.16,2.24,2.09,2.19,48900,2.19
2011-07-11,2.25,2.37,2.12,2.19,72100,2.19
2011-07-05,2.34,2.42,2.28,2.31,55800,2.31
2011-06-27,2.38,2.47,2.18,2.32,72400,2.32
2011-06-20,2.01,2.40,1.96,2.39,125700,2.39
2011-06-13,2.13,2.21,1.95,2.02,127600,2.02
2011-06-06,2.53,2.60,2.11,2.19,168100,2.19
2011-05-31,2.83,2.84,2.50,2.54,113200,2.54
2011-05-23,2.70,2.95,2.50,2.78,178500,2.78
2011-05-16,2.66,3.16,2.33,2.75,614000,2.75
2011-05-09,2.81,2.85,2.58,2.66,123500,2.66
2011-05-02,2.88,2.93,2.51,2.79,218500,2.79
2011-04-25,2.99,3.05,2.76,2.85,231800,2.85
2011-04-18,2.98,3.21,2.88,2.97,258100,2.97
2011-04-11,3.26,3.29,2.90,3.03,322900,3.03
2011-04-04,3.22,3.71,2.90,3.27,804800,3.27
2011-03-28,2.85,3.24,2.77,3.19,592100,3.19
2011-03-21,2.55,2.89,2.55,2.80,414400,2.80
2011-03-14,2.85,2.91,2.51,2.52,440000,2.52
2011-03-07,3.68,3.97,2.71,2.82,1511800,2.82
2011-02-28,3.12,4.19,2.80,3.64,2949400,3.64
2011-02-22,3.05,3.08,2.64,2.97,634400,2.97
2011-02-14,3.16,3.32,2.83,3.09,1043700,3.09
2011-02-07,2.52,3.36,2.33,3.03,2172000,3.03
2011-01-31,1.53,3.49,1.51,2.43,3924100,2.43
2011-01-24,1.56,1.60,1.50,1.53,30800,1.53
2011-01-18,1.59,1.62,1.53,1.58,38200,1.58
2011-01-10,1.61,1.66,1.55,1.62,62300,1.62
2011-01-03,1.52,1.68,1.46,1.62,165000,1.62
2010-12-27,1.43,1.54,1.43,1.52,70800,1.52
2010-12-20,1.44,1.50,1.41,1.45,38400,1.45
2010-12-13,1.49,1.50,1.38,1.48,59800,1.48
2010-12-06,1.38,1.50,1.36,1.50,103300,1.50
2010-11-29,1.40,1.40,1.30,1.35,94100,1.35
2010-11-22,1.49,1.49,1.34,1.40,40400,1.40
2010-11-15,1.63,1.63,1.41,1.43,88600,1.43
2010-11-08,1.65,1.69,1.59,1.63,69800,1.63
2010-11-01,1.67,1.69,1.61,1.69,37000,1.69
2010-10-25,1.65,1.72,1.62,1.67,37600,1.67
2010-10-18,1.71,1.74,1.61,1.66,59200,1.66
2010-10-11,1.73,1.80,1.62,1.72,70900,1.72
2010-10-04,1.60,1.73,1.56,1.73,87100,1.73
2010-09-27,1.72,1.74,1.61,1.61,75700,1.61
2010-09-20,1.59,1.75,1.57,1.74,290400,1.74
2010-09-13,1.57,1.59,1.52,1.55,109600,1.55
2010-09-07,1.55,1.60,1.51,1.57,89300,1.57
2010-08-30,1.58,1.60,1.50,1.54,133800,1.54
2010-08-23,2.20,2.23,1.52,1.57,343500,1.57
2010-08-16,2.35,2.64,2.20,2.20,100100,2.20
2010-08-09,2.32,2.45,2.26,2.35,10600,2.35
2010-08-02,2.49,2.55,2.30,2.37,15300,2.37
2010-07-26,2.63,2.65,2.46,2.51,30800,2.51
2010-07-19,2.60,2.75,2.52,2.58,15100,2.58
2010-07-12,2.30,2.69,2.22,2.62,42000,2.62
2010-07-06,2.38,2.44,2.13,2.30,45700,2.30
2010-06-28,2.44,2.46,2.29,2.40,16200,2.40
2010-06-21,2.43,2.57,2.28,2.42,30400,2.42
2010-06-14,2.40,2.44,2.26,2.41,14200,2.41
2010-06-07,2.34,2.70,2.26,2.45,30800,2.45
2010-06-01,2.50,2.55,2.31,2.31,323200,2.31
2010-05-24,2.40,2.50,2.26,2.50,19200,2.50
2010-05-17,2.48,2.51,2.29,2.35,27600,2.35
2010-05-10,2.53,2.66,2.40,2.50,33700,2.50
2010-05-03,2.75,2.83,2.50,2.53,48700,2.53
2010-04-26,2.84,2.97,2.74,2.74,17400,2.74
2010-04-19,2.80,2.91,2.75,2.86,28700,2.86
2010-04-12,2.86,2.94,2.79,2.80,31400,2.80
2010-04-05,2.96,3.00,2.85,2.88,27700,2.88
2010-03-29,3.03,3.06,2.89,2.90,23600,2.90
2010-03-22,2.95,3.03,2.90,2.99,32100,2.99
2010-03-15,3.11,3.21,2.94,2.97,34300,2.97
2010-03-08,3.16,3.27,3.07,3.15,39600,3.15
2010-03-01,2.91,3.85,2.84,3.10,241900,3.10
2010-02-22,3.17,3.25,2.81,2.93,25800,2.93
2010-02-16,3.40,3.50,3.02,3.09,46000,3.09
2010-02-08,2.78,3.39,2.75,3.39,57400,3.39
2010-02-01,2.87,2.99,2.71,2.78,26100,2.78
2010-01-25,2.91,3.15,2.83,2.83,60500,2.83
2010-01-19,3.52,3.63,2.88,2.96,64600,2.96
2010-01-11,3.30,3.84,3.30,3.54,129200,3.54
2010-01-04,2.49,3.38,2.35,3.34,213900,3.34
2009-12-28,2.69,2.70,2.34,2.44,32000,2.44
2009-12-21,2.19,2.88,2.12,2.63,89100,2.63
2009-12-14,2.34,2.39,2.08,2.08,33700,2.08
2009-12-07,2.53,2.57,2.26,2.40,20200,2.40
2009-11-30,2.56,2.68,2.38,2.60,32200,2.60
2009-11-23,2.66,2.70,2.51,2.58,16600,2.58
2009-11-16,2.62,2.80,2.60,2.70,24600,2.70
2009-11-09,2.70,2.81,2.60,2.68,26600,2.68
2009-11-02,2.76,2.97,2.69,2.70,22600,2.70
2009-10-26,3.00,3.06,2.71,2.79,33300,2.79
2009-10-19,3.09,3.20,3.00,3.04,24400,3.04
2009-10-12,3.00,3.35,3.00,3.18,36500,3.18
2009-10-05,2.75,3.00,2.75,3.00,18400,3.00
2009-09-28,2.90,3.09,2.78,2.78,26900,2.78
2009-09-21,3.11,3.25,2.85,2.91,66600,2.91
2009-09-14,2.73,3.99,2.73,3.23,168000,3.23
2009-09-08,2.64,2.77,2.49,2.72,86300,2.72
2009-08-31,2.95,2.95,2.22,2.65,131000,2.65
2009-08-24,3.16,3.20,2.81,2.92,87200,2.92
2009-08-17,3.01,3.29,2.93,3.15,40600,3.15
2009-08-10,3.49,3.49,3.05,3.10,33500,3.10
2009-08-03,3.74,3.75,3.04,3.47,101900,3.47
2009-07-27,3.49,3.98,3.20,3.69,118700,3.69
2009-07-20,3.30,3.46,3.12,3.41,72200,3.41
2009-07-13,3.24,3.49,3.10,3.30,79700,3.30
2009-07-06,3.52,3.52,3.19,3.30,44000,3.30
2009-06-29,3.70,3.80,3.33,3.46,71400,3.46
2009-06-22,3.85,3.93,3.02,3.76,181500,3.76
2009-06-15,4.85,5.00,3.68,4.02,133700,4.02
2009-06-08,3.75,5.45,3.70,4.85,304500,4.85
2009-06-01,3.73,3.89,3.15,3.75,152700,3.75
2009-05-26,3.60,3.79,3.50,3.79,60800,3.79
2009-05-18,2.90,3.75,2.80,3.66,197000,3.66
2009-05-11,3.33,3.45,2.85,2.93,222900,2.93
2009-05-04,2.95,3.50,2.85,3.34,307800,3.34
2009-04-27,2.09,3.08,1.83,2.96,331100,2.96
2009-04-20,1.54,3.72,1.46,2.15,1300300,2.15
2009-04-13,0.95,1.59,0.93,1.53,88900,1.53
2009-04-06,1.03,1.04,0.93,0.95,18600,0.95
2009-03-30,1.00,1.02,0.95,1.01,19000,1.01
2009-03-23,0.99,1.10,0.95,1.00,15500,1.00
2009-03-16,0.90,1.00,0.89,0.99,10600,0.99
2009-03-09,1.01,1.01,0.84,0.90,18300,0.90
2009-03-02,0.95,1.04,0.89,0.99,23100,0.99
2009-02-23,0.90,1.16,0.90,0.95,22500,0.95
2009-02-17,1.01,1.23,0.82,0.89,31900,0.89
2009-02-09,1.11,1.22,1.02,1.05,11700,1.05
2009-02-02,1.23,1.23,1.11,1.17,8800,1.17
2009-01-26,1.25,1.27,1.10,1.18,13100,1.18
2009-01-20,0.96,1.35,0.95,1.20,24000,1.20
2009-01-12,1.19,1.45,0.95,1.00,30500,1.00
2009-01-05,1.15,1.25,1.13,1.20,31500,1.20
2008-12-29,0.95,1.20,0.90,1.16,58600,1.16
2008-12-22,0.91,1.02,0.90,0.94,24400,0.94
2008-12-15,1.20,1.20,0.90,0.95,40100,0.95
2008-12-08,0.93,1.06,0.91,0.95,17200,0.95
2008-12-01,1.09,1.11,0.86,0.93,21800,0.93
2008-11-24,0.80,1.16,0.80,1.06,36700,1.06
2008-11-17,1.05,1.17,0.68,0.79,88900,0.79
2008-11-10,1.44,1.45,1.09,1.11,22000,1.11
2008-11-03,1.34,1.45,1.23,1.44,75100,1.44
2008-10-27,1.10,1.50,0.90,1.31,76200,1.31
2008-10-20,0.95,1.69,0.90,1.10,149300,1.10
2008-10-13,0.73,1.18,0.73,0.91,68100,0.91
2008-10-06,1.20,1.31,0.80,0.81,80600,0.81
2008-09-29,1.50,1.58,1.23,1.24,74400,1.24
2008-09-22,1.60,1.68,1.47,1.51,47600,1.51
2008-09-15,1.87,1.88,1.41,1.56,74200,1.56
2008-09-08,1.92,2.07,1.86,1.89,50400,1.89
2008-09-02,1.97,1.99,1.87,1.91,51700,1.91
2008-08-25,1.98,2.04,1.80,1.94,57100,1.94
2008-08-18,2.00,2.11,1.85,2.02,56600,2.02
2008-08-11,2.41,2.43,1.84,1.94,98000,1.94
2008-08-04,2.25,2.42,2.14,2.37,81500,2.37
2008-07-28,2.05,2.40,1.97,2.29,196900,2.29
2008-07-21,1.60,2.03,1.56,2.02,178400,2.02
2008-07-14,1.60,1.65,1.56,1.60,77000,1.60
2008-07-07,1.65,1.65,1.37,1.60,145300,1.60
2008-06-30,2.38,2.38,1.52,1.64,160500,1.64
2008-06-23,2.65,2.65,2.18,2.35,73800,2.35
2008-06-16,2.80,2.82,2.43,2.62,158500,2.62
2008-06-09,3.26,3.26,2.75,2.85,148400,2.85
2008-06-02,3.35,3.35,3.18,3.26,141200,3.26
2008-05-27,3.60,4.35,3.17,3.28,379000,3.28
2008-05-19,3.37,3.95,3.32,3.48,83300,3.48
2008-05-12,3.60,3.63,3.25,3.37,99200,3.37
2008-05-05,3.93,4.00,3.60,3.61,73700,3.61
2008-04-28,4.00,4.08,3.90,3.90,41800,3.90
2008-04-21,3.90,4.16,3.85,3.98,45600,3.98
2008-04-14,3.98,3.98,3.82,3.85,44300,3.85
2008-04-07,4.26,4.40,3.80,3.85,109800,3.85
2008-03-31,4.65,4.83,4.04,4.23,137000,4.23
2008-03-24,3.47,4.90,3.46,4.50,132500,4.50
2008-03-17,3.74,3.88,3.46,3.61,92400,3.61
2008-03-10,4.17,4.21,3.22,3.41,193900,3.41
2008-03-03,4.41,5.23,4.08,4.14,169900,4.14
2008-02-25,4.86,5.09,4.42,4.44,95600,4.44
2008-02-19,5.39,5.39,4.82,4.99,88900,4.99
2008-02-11,5.42,5.67,5.24,5.33,105400,5.33
2008-02-04,5.34,5.70,5.23,5.42,138300,5.42
2008-01-28,4.94,5.65,4.85,5.30,263100,5.30
2008-01-22,4.90,5.48,4.50,4.98,364500,4.98
2008-01-14,4.84,6.80,4.62,5.26,843000,5.26
2008-01-07,4.77,5.50,4.58,4.64,304800,4.64
2007-12-31,5.88,6.08,4.77,4.86,367000,4.86
2007-12-24,6.20,6.39,5.90,5.90,394800,5.90
2007-12-17,8.25,8.44,5.85,6.20,674900,6.20
2007-12-10,8.20,10.40,8.05,8.38,776600,8.38
2007-12-03,7.71,8.72,7.64,8.30,492300,8.30
2007-11-26,6.25,7.66,6.12,7.52,635300,7.52
2007-11-19,7.00,7.00,5.85,5.87,458000,5.87
2007-11-12,8.03,8.29,6.80,7.19,814500,7.19
2007-11-05,9.89,11.19,8.00,8.03,1020500,8.03
2007-10-29,11.10,13.77,9.50,9.86,1872100,9.86
2007-10-22,8.23,11.97,8.00,11.07,2415100,11.07
2007-10-15,8.06,8.52,7.70,8.35,410300,8.35
2007-10-08,7.89,8.88,7.60,8.11,1009000,8.11
2007-10-01,7.24,8.20,6.90,7.56,1774900,7.56
2007-09-24,5.76,10.90,5.58,6.98,4965000,6.98
2007-09-17,5.70,6.20,5.48,5.80,1686500,5.80
2007-09-10,6.45,6.55,5.01,5.70,2152700,5.70
2007-09-04,7.74,8.09,5.45,6.17,3839500,6.17
2007-08-27,3.52,8.62,3.52,7.69,10684400,7.69
2007-08-20,1.48,3.53,1.48,3.33,1434600,3.33
2007-08-13,1.47,1.55,1.43,1.51,37900,1.51
2007-08-06,1.42,1.54,1.38,1.48,58100,1.48
2007-07-30,1.65,1.67,1.41,1.42,70800,1.42
2007-07-23,1.55,1.70,1.55,1.62,72800,1.62
2007-07-16,1.61,1.74,1.54,1.57,47700,1.57
2007-07-09,1.56,1.75,1.51,1.63,79000,1.63
2007-07-02,1.50,1.65,1.50,1.57,49800,1.57
2007-06-25,1.56,1.60,1.47,1.49,60900,1.49
2007-06-18,1.66,1.72,1.56,1.60,36700,1.60
2007-06-11,1.69,1.71,1.64,1.66,24600,1.66
2007-06-04,1.59,1.80,1.55,1.71,151300,1.71
2007-05-29,1.47,1.65,1.46,1.61,78500,1.61
2007-05-21,1.45,1.69,1.45,1.49,117900,1.49
2007-05-14,1.52,1.52,1.44,1.47,46100,1.47
2007-05-07,1.65,1.65,1.42,1.49,75500,1.49
2007-04-30,1.66,1.70,1.56,1.59,84400,1.59
2007-04-23,2.10,2.13,1.62,1.68,202500,1.68
2007-04-16,1.70,2.05,1.40,1.94,433600,1.94
2007-04-09,1.72,1.73,1.62,1.68,43700,1.68
2007-04-02,1.75,1.75,1.70,1.71,32500,1.71
2007-03-26,1.73,1.76,1.60,1.71,53600,1.71
2007-03-19,1.72,1.78,1.65,1.69,93300,1.69
2007-03-12,2.34,2.48,1.66,1.72,218000,1.72
2007-03-05,2.21,2.43,2.15,2.37,76900,2.37
2007-02-26,2.34,2.41,1.91,2.25,89500,2.25
2007-02-20,2.15,2.35,2.14,2.35,63100,2.35
2007-02-12,2.48,2.50,2.12,2.17,101500,2.17
2007-02-05,2.31,2.60,2.15,2.50,212900,2.50
2007-01-29,1.80,2.45,1.78,2.29,239500,2.29
2007-01-22,1.88,1.94,1.76,1.79,85500,1.79
2007-01-16,2.09,2.14,1.86,1.87,85700,1.87
2007-01-08,1.82,2.43,1.70,2.11,317700,2.11
2007-01-03,1.75,1.92,1.75,1.84,77900,1.84
2006-12-26,1.88,1.88,1.73,1.77,134000,1.77
2006-12-18,2.16,2.16,1.82,1.92,138100,1.92
2006-12-11,2.44,2.48,2.10,2.21,93500,2.21
2006-12-04,2.72,2.73,2.40,2.44,104800,2.44
2006-11-27,2.60,2.76,2.50,2.70,145700,2.70
2006-11-20,2.56,2.80,2.55,2.59,64200,2.59
2006-11-13,2.83,2.93,2.54,2.54,157000,2.54
2006-11-06,2.42,3.03,2.32,2.83,172100,2.83
2006-10-30,2.63,2.70,2.19,2.47,130600,2.47
2006-10-23,3.00,3.14,2.54,2.61,238400,2.61
2006-10-16,1.58,3.24,1.58,2.83,1046500,2.83
2006-10-09,1.44,1.70,1.44,1.56,89300,1.56
2006-10-02,1.47,1.53,1.43,1.46,52000,1.46
2006-09-25,1.40,1.63,1.40,1.45,47800,1.45
2006-09-18,1.57,1.75,1.46,1.46,71600,1.46
2006-09-11,1.38,1.90,1.37,1.59,334700,1.59
2006-09-05,1.44,1.55,1.36,1.39,76600,1.39
2006-08-28,1.37,1.50,1.35,1.46,97400,1.46
2006-08-21,1.45,1.48,1.35,1.39,62900,1.39
2006-08-14,1.53,1.57,1.40,1.43,50700,1.43
2006-08-07,1.71,1.82,1.47,1.55,78800,1.55
2006-07-31,1.47,1.71,1.35,1.69,71200,1.69
2006-07-24,1.70,1.80,1.50,1.50,50400,1.50
2006-07-17,1.60,1.70,1.30,1.68,106100,1.68
2006-07-10,1.98,1.98,1.61,1.62,66600,1.62
2006-07-03,2.05,2.10,1.93,2.00,29800,2.00
2006-06-26,2.11,2.11,1.93,2.04,48600,2.04
2006-06-19,2.07,2.37,1.92,2.11,69500,2.11
2006-06-12,2.36,2.37,1.90,2.07,89300,2.07
2006-06-05,2.79,2.85,2.33,2.41,77500,2.41
2006-05-30,2.85,3.02,2.83,2.83,37500,2.83
2006-05-22,3.10,3.13,2.70,2.90,79800,2.90
2006-05-15,3.38,3.38,3.07,3.11,61000,3.11
2006-05-08,3.95,4.09,3.40,3.43,87100,3.43
2006-05-01,4.32,4.45,3.81,3.99,111500,3.99
2006-04-24,3.78,4.54,3.67,4.47,325000,4.47
2006-04-17,3.70,3.85,3.50,3.85,99200,3.85
2006-04-10,4.03,4.05,3.50,3.70,70900,3.70
2006-04-03,4.00,4.10,3.53,4.05,127900,4.05
2006-03-27,3.22,4.20,3.22,3.98,185500,3.98
2006-03-20,4.00,4.02,2.93,3.33,197000,3.33
2006-03-13,3.95,4.30,3.21,4.12,195100,4.12
2006-03-06,0.44,0.44,0.38,0.40,172500,4.00
2006-02-27,0.52,0.53,0.41,0.44,308800,4.40
2006-02-21,0.50,0.53,0.49,0.53,50200,5.30
2006-02-13,0.53,0.55,0.49,0.50,68100,5.00
2006-02-06,0.50,0.55,0.48,0.53,108800,5.30
2006-01-30,0.57,0.61,0.50,0.50,155500,5.00
2006-01-23,0.53,0.59,0.51,0.57,110800,5.70
2006-01-17,0.65,0.67,0.53,0.53,148500,5.30
2006-01-09,0.53,0.66,0.49,0.65,514400,6.50
2006-01-03,0.47,0.47,0.43,0.45,85300,4.50
2005-12-27,0.45,0.47,0.41,0.43,207800,4.30
2005-12-19,0.57,0.57,0.45,0.46,185000,4.60
2005-12-12,0.48,0.57,0.47,0.56,141000,5.60
2005-12-05,0.52,0.53,0.45,0.48,248700,4.80
2005-11-28,0.59,0.61,0.54,0.55,96100,5.50
2005-11-21,0.57,0.65,0.57,0.61,60900,6.10
2005-11-14,0.61,0.63,0.57,0.57,35200,5.70
2005-11-07,0.62,0.65,0.58,0.62,60600,6.20
2005-10-31,0.68,0.74,0.57,0.58,172100,5.80
2005-10-24,0.66,0.71,0.62,0.68,118700,6.80
2005-10-17,0.57,0.69,0.53,0.65,212300,6.50
2005-10-10,0.61,0.63,0.55,0.55,117700,5.50
2005-10-03,0.59,0.64,0.56,0.59,200500,5.90
2005-09-26,0.61,0.68,0.58,0.58,93100,5.80
2005-09-19,0.69,0.70,0.60,0.63,72100,6.30
2005-09-12,0.70,0.71,0.67,0.69,70600,6.90
2005-09-06,0.70,0.75,0.67,0.71,228100,7.10
2005-08-29,0.67,0.75,0.66,0.70,74500,7.00
2005-08-22,0.70,0.72,0.67,0.67,84500,6.70
2005-08-15,0.74,0.76,0.69,0.70,127200,7.00
2005-08-08,0.90,0.94,0.67,0.72,312800,7.20
2005-08-01,1.05,1.11,0.89,0.91,192100,9.10
2005-07-25,0.76,1.10,0.74,0.96,324000,9.60
2005-07-18,0.71,0.76,0.70,0.74,25600,7.40
2005-07-11,0.72,0.79,0.72,0.73,54100,7.30
2005-07-05,0.63,0.75,0.61,0.71,100800,7.10
2005-06-27,0.62,0.69,0.59,0.63,35800,6.30
2005-06-20,0.73,0.73,0.61,0.63,49700,6.30
2005-06-13,0.71,0.78,0.70,0.73,39500,7.30
2005-06-06,0.82,0.83,0.70,0.73,60200,7.30
2005-05-31,0.71,0.87,0.70,0.79,165300,7.90
2005-05-23,0.58,0.87,0.58,0.66,157900,6.60
2005-05-16,0.53,0.63,0.51,0.57,74700,5.70
2005-05-09,0.64,0.65,0.52,0.53,110600,5.30
2005-05-02,0.45,0.65,0.42,0.61,186900,6.10
2005-04-25,0.47,0.49,0.41,0.44,79900,4.40
2005-04-18,0.40,0.62,0.37,0.48,158300,4.80
2005-04-11,0.56,0.57,0.39,0.41,131100,4.10
2005-04-04,0.67,0.67,0.50,0.57,152100,5.70
2005-03-28,0.70,0.74,0.65,0.68,60500,6.80
2005-03-21,0.71,0.71,0.66,0.71,81500,7.10
2005-03-14,0.78,0.83,0.68,0.69,119600,6.90
2005-03-07,0.92,0.96,0.71,0.80,173000,8.00
2005-02-28,0.95,0.99,0.90,0.91,77300,9.10
2005-02-22,0.96,1.00,0.92,0.95,87500,9.50
2005-02-14,1.03,1.07,0.98,1.00,69600,10.00
2005-02-07,1.13,1.20,0.99,1.04,208500,10.40
2005-01-31,1.00,1.09,0.99,1.07,107200,10.70
2005-01-24,0.92,1.07,0.86,0.99,251900,9.90
2005-01-18,1.12,1.16,0.94,0.96,237600,9.60
2005-01-10,1.19,1.20,1.05,1.12,182800,11.20
2005-01-03,1.39,1.43,1.08,1.17,365900,11.70
2004-12-27,1.65,1.67,1.35,1.39,403000,13.90
2004-12-20,1.35,1.63,1.28,1.56,682900,15.60
2004-12-13,1.13,1.37,1.09,1.29,535300,12.90
2004-12-06,0.88,1.30,0.85,1.15,897200,11.50
2004-11-29,0.85,0.87,0.83,0.86,201400,8.60
2004-11-22,0.92,0.94,0.79,0.83,273300,8.30
2004-11-15,0.95,0.99,0.90,0.91,113900,9.10
2004-11-08,0.98,0.98,0.92,0.93,78800,9.30
2004-11-01,1.02,1.08,0.93,0.95,125600,9.50
2004-10-25,0.93,1.10,0.91,1.06,94100,10.60
2004-10-18,1.04,1.04,0.90,0.97,76200,9.70
2004-10-11,1.01,1.08,0.98,1.01,71400,10.10
2004-10-04,1.07,1.16,1.02,1.04,76600,10.40
2004-09-27,1.06,1.12,0.97,1.06,113600,10.60
2004-09-20,1.30,1.40,1.03,1.05,277600,10.50
2004-09-13,1.10,1.34,1.09,1.30,216500,13.00
2004-09-07,1.11,1.15,1.07,1.09,47300,10.90
2004-08-30,1.13,1.17,1.03,1.09,75800,10.90
2004-08-23,0.94,1.18,0.91,1.08,164300,10.80
2004-08-16,0.80,0.96,0.80,0.92,78200,9.20
2004-08-09,0.90,0.90,0.80,0.82,68700,8.20
2004-08-02,0.97,1.01,0.85,0.85,64300,8.50
2004-07-26,1.05,1.05,0.84,1.00,112600,10.00
2004-07-19,1.04,1.10,0.95,1.04,89000,10.40
2004-07-12,1.07,1.17,1.00,1.06,112000,10.60
2004-07-06,1.16,1.33,0.94,1.06,120200,10.60
2004-06-28,1.31,1.34,1.15,1.20,163500,12.00
2004-06-21,1.20,1.40,1.06,1.20,362500,12.00
2004-06-14,1.49,1.55,0.99,1.16,330300,11.60
2004-06-07,1.52,1.56,1.30,1.53,422700,15.30
2004-06-01,1.19,1.68,1.17,1.51,989000,15.10
2004-05-24,0.87,1.33,0.84,1.15,979400,11.50
2004-05-17,1.10,1.16,0.78,0.87,442400,8.70
2004-05-10,1.16,1.25,1.12,1.16,82200,11.60
2004-05-03,1.46,1.49,1.16,1.19,97300,11.90
2004-04-26,1.74,1.80,1.33,1.40,192400,14.00
2004-04-19,2.08,2.10,1.64,1.77,143900,17.70
2004-04-12,2.37,2.45,2.10,2.12,72400,21.20
2004-04-05,2.35,2.50,2.27,2.34,109600,23.40
2004-03-29,2.18,2.46,2.13,2.26,151800,22.60
2004-03-22,2.06,2.22,2.02,2.09,159100,20.90
2004-03-15,2.15,2.24,2.00,2.08,127700,20.80
2004-03-08,2.55,2.67,2.05,2.15,294900,21.50
2004-03-01,4.05,4.14,2.19,2.51,1131500,25.10
2004-02-23,4.64,4.72,4.03,4.13,193500,41.30
2004-02-17,4.95,5.34,4.53,4.62,155300,46.20
2004-02-09,4.99,5.00,4.64,4.83,132200,48.30
2004-02-02,6.00,6.38,4.11,4.76,517200,47.60
2004-01-26,6.52,7.04,5.55,5.88,162800,58.80
2004-01-20,7.06,7.45,6.27,6.55,220700,65.50
2004-01-12,6.87,7.22,6.52,7.07,156600,70.70
2004-01-05,5.81,7.25,5.77,6.91,277000,69.10
2003-12-29,5.55,5.90,5.50,5.76,78300,57.60
2003-12-22,5.49,5.88,5.39,5.70,66500,57.00
2003-12-15,6.41,6.52,5.22,5.43,198200,54.30
2003-12-08,6.80,6.82,5.20,6.19,167500,61.90
2003-12-01,7.60,7.65,6.51,6.62,190700,66.20
2003-11-24,6.11,7.49,6.02,7.45,327900,74.50
2003-11-17,6.35,7.00,5.77,6.00,344000,60.00
2003-11-10,5.65,6.75,5.05,6.38,372400,63.80
2003-11-03,5.10,5.95,4.84,5.55,127000,55.50
2003-10-27,4.79,5.50,4.72,5.11,106100,51.10
2003-10-20,5.50,5.53,4.50,4.66,91300,46.60
2003-10-13,5.21,5.70,5.01,5.45,106000,54.50
2003-10-06,4.40,5.61,4.40,5.17,260900,51.70
2003-09-29,4.16,4.55,3.64,4.45,95500,44.50
2003-09-22,4.62,5.25,3.99,4.12,147000,41.20
2003-09-15,3.50,4.94,3.35,4.77,233500,47.70
2003-09-08,3.85,3.95,3.40,3.43,147100,34.30
2003-09-02,3.02,3.50,2.92,3.47,74200,34.70
2003-08-25,3.04,3.07,2.70,2.99,27600,29.90
2003-08-18,2.86,3.06,2.54,3.01,70000,30.10
2003-08-11,2.60,3.15,2.22,2.79,78400,27.90
2003-08-04,3.05,3.20,2.66,2.66,52300,26.60
2003-07-28,2.53,3.20,2.47,3.12,70600,31.20
2003-07-21,2.54,2.70,2.38,2.54,13100,25.40
2003-07-14,2.70,2.80,2.49,2.52,30800,25.20
2003-07-07,2.30,2.85,2.12,2.70,53500,27.00
2003-06-30,2.30,2.43,2.05,2.29,81200,22.90
2003-06-23,2.65,2.98,2.14,2.25,41000,22.50
2003-06-16,2.59,2.72,2.10,2.67,41700,26.70
2003-06-09,2.70,2.80,2.49,2.62,20400,26.20
2003-06-02,2.75,2.92,2.58,2.78,23000,27.80
2003-05-27,2.93,2.96,2.51,2.75,70100,27.50
2003-05-19,3.00,3.24,2.62,3.20,35700,32.00
2003-05-12,2.92,3.67,2.55,3.00,59300,30.00
2003-05-05,2.14,2.97,2.09,2.92,48000,29.20
2003-04-28,2.10,2.30,2.04,2.17,29500,21.70
2003-04-21,2.00,2.10,1.76,2.07,23300,20.70
2003-04-14,2.30,2.43,1.85,1.97,30700,19.70
2003-04-07,1.67,2.79,1.50,2.26,62700,22.60
2003-03-31,1.01,1.67,0.75,1.40,40800,14.00
2003-03-24,1.09,1.12,1.00,1.04,4200,10.40
2003-03-17,1.04,1.16,1.04,1.10,7000,11.00
2003-03-10,1.10,1.17,1.03,1.04,4400,10.40
2003-03-03,1.00,1.20,1.00,1.17,10900,11.70
2003-02-24,1.07,1.07,0.96,1.03,4600,10.30
2003-02-18,1.03,1.10,1.02,1.07,3800,10.70
2003-02-10,1.04,1.13,0.99,1.02,7400,10.20
2003-02-03,1.10,1.13,0.99,1.03,5800,10.30
2003-01-27,1.17,1.20,1.08,1.12,4400,11.20
2003-01-21,1.09,1.17,1.07,1.17,6800,11.70
2003-01-13,1.10,1.20,1.05,1.11,6400,11.10
2003-01-06,1.02,1.20,1.00,1.09,11500,10.90
2002-12-30,0.96,1.09,0.90,1.00,23600,10.00
2002-12-23,1.02,1.05,0.95,0.98,17200,9.80
2002-12-16,1.06,1.19,1.01,1.04,8700,10.40
2002-12-09,1.25,1.25,1.04,1.24,11200,12.40
2002-12-02,1.05,1.55,1.03,1.24,22300,12.40
2002-11-25,1.07,1.10,1.01,1.05,17600,10.50
2002-11-18,1.15,1.15,1.02,1.07,18500,10.70
2002-11-11,1.14,1.18,1.05,1.10,4700,11.00
2002-11-04,1.18,1.24,1.05,1.12,9900,11.20
2002-10-28,1.13,1.21,1.02,1.08,7500,10.80
2002-10-21,1.15,1.25,1.10,1.13,4100,11.30
2002-10-14,1.14,1.60,1.10,1.15,17400,11.50
2002-10-07,1.10,1.23,0.98,1.11,3100,11.10
2002-09-30,1.00,1.19,0.95,1.10,3000,11.00
2002-09-23,1.09,1.15,0.95,1.08,3300,10.80
2002-09-16,1.10,1.20,0.93,1.14,2500,11.40
2002-09-09,1.24,1.34,1.01,1.09,5000,10.90
2002-09-03,1.29,1.34,1.15,1.29,2800,12.90
2002-08-26,1.46,1.47,1.26,1.28,4300,12.80
2002-08-19,1.48,1.55,1.18,1.48,7800,14.80
2002-08-12,1.59,1.75,1.45,1.53,2600,15.30
2002-08-05,1.83,1.86,1.60,1.72,2700,17.20
2002-07-29,1.64,1.84,1.55,1.75,2200,17.50
2002-07-22,1.76,1.86,1.40,1.65,3900,16.50
2002-07-15,1.82,1.95,1.55,1.86,3900,18.60
2002-07-08,1.64,1.95,1.52,1.63,2900,16.30
2002-07-01,1.64,1.82,1.37,1.62,3000,16.20
2002-06-24,1.68,2.15,1.55,1.65,9100,16.50
2002-06-17,2.60,2.70,1.67,1.71,8100,17.10
2002-06-10,3.30,3.35,2.50,2.52,4100,25.20
2002-06-03,3.89,3.90,3.20,3.29,2800,32.90
2002-05-28,3.90,4.01,3.70,3.82,2200,38.20
2002-05-20,3.96,4.20,3.73,3.94,2500,39.40
2002-05-13,4.00,4.15,3.75,4.04,3700,40.40
2002-05-06,3.95,4.24,3.70,3.85,3400,38.50
2002-04-29,4.32,4.39,3.90,3.99,4200,39.90
2002-04-22,4.55,4.74,4.13,4.32,2500,43.20
2002-04-15,4.63,4.78,4.39,4.59,1900,45.90
2002-04-08,4.41,5.09,4.12,4.63,8800,46.30
2002-04-01,4.79,4.80,4.28,4.40,2300,44.00
2002-03-25,4.87,4.87,4.40,4.80,3400,48.00
2002-03-18,4.65,5.00,4.50,4.78,3800,47.80
2002-03-11,5.19,5.20,4.45,4.65,4400,46.50
2002-03-04,4.17,5.33,4.07,5.21,6200,52.10
2002-02-25,4.36,4.41,3.90,4.02,5500,40.20
2002-02-19,4.96,5.04,4.30,4.30,7400,43.00
2002-02-11,5.24,5.40,4.80,5.00,4800,50.00
2002-02-04,5.31,5.88,5.05,5.21,6200,52.10
2002-01-28,5.32,6.20,5.10,5.45,6900,54.50
2002-01-22,5.60,5.85,5.01,5.41,7300,54.10
2002-01-14,6.28,6.29,5.25,5.71,7200,57.10
2002-01-07,6.69,6.70,6.13,6.25,7800,62.50
2001-12-31,6.29,6.79,6.11,6.60,13300,66.00
2001-12-24,5.39,6.35,5.15,6.15,16300,61.50
2001-12-17,5.93,6.36,5.30,5.40,15700,54.00
2001-12-10,4.76,7.30,4.66,5.95,44400,59.50
2001-12-03,4.85,4.97,4.75,4.80,3600,48.00
2001-11-26,4.84,4.96,4.64,4.85,4100,48.50
2001-11-19,4.89,5.09,4.66,4.89,3900,48.90
2001-11-12,4.71,5.20,4.68,4.88,3700,48.80
2001-11-05,5.40,5.85,4.65,4.73,5200,47.30
2001-10-29,4.50,5.50,4.45,5.30,6500,53.00
2001-10-22,4.49,5.04,4.30,4.57,6700,45.70
2001-10-15,3.80,4.48,3.80,4.40,5000,44.00
2001-10-08,3.97,4.26,3.80,3.99,10900,39.90
2001-10-01,3.29,5.20,2.88,4.00,10900,40.00
2001-09-24,4.27,4.35,2.70,3.10,22900,31.00
2001-09-10,5.08,5.10,3.95,4.00,14900,40.00
2001-09-04,5.07,5.30,4.55,5.10,18200,51.00
2001-08-27,5.75,5.95,4.79,5.20,8600,52.00
2001-08-20,5.60,6.20,5.26,5.76,10100,57.60
2001-08-13,5.31,5.98,5.18,5.72,9700,57.20
2001-08-06,5.38,5.50,4.91,5.38,9600,53.80
2001-07-30,4.52,5.40,4.26,5.28,13900,52.80
2001-07-23,5.07,5.30,4.30,4.45,15800,44.50
2001-07-16,5.02,5.40,4.59,5.02,18000,50.20
2001-07-09,5.94,6.06,5.02,5.22,21200,52.20
2001-07-02,6.08,6.35,5.65,5.86,14000,58.60
2001-06-25,6.14,6.85,5.41,6.00,24900,60.00
2001-06-18,6.28,7.70,5.71,6.23,31700,62.30
2001-06-11,6.73,7.20,6.07,6.26,14300,62.60
2001-06-04,6.49,7.88,6.12,6.92,26700,69.20
2001-05-29,7.69,7.96,6.02,6.37,40100,63.70
2001-05-21,6.92,9.32,6.52,8.14,80600,81.40
2001-05-14,5.39,6.64,4.85,6.64,30700,66.40
2001-05-07,6.09,7.11,5.40,5.40,19100,54.00
2001-04-30,5.08,6.24,4.96,6.10,19700,61.00
2001-04-23,5.60,5.62,4.80,4.95,12800,49.50
2001-04-16,4.32,6.25,4.19,5.70,21300,57.00
2001-04-09,4.12,5.00,3.70,4.34,18700,43.40
2001-04-02,5.12,5.25,3.50,4.25,13300,42.50
2001-03-26,5.28,5.38,4.34,5.12,10900,51.25
2001-03-19,5.06,6.62,4.75,5.19,25600,51.88
2001-03-12,5.38,5.62,4.41,5.00,16000,50.00
2001-03-05,5.62,6.69,5.38,5.50,14900,55.00
2001-02-26,7.00,7.25,5.78,5.78,22000,57.81
2001-02-20,8.19,8.25,6.28,6.62,36600,66.25
2001-02-12,8.12,9.44,7.56,7.94,28300,79.38
2001-02-05,8.81,8.81,7.56,7.69,26300,76.88
2001-01-29,8.44,10.44,8.06,9.06,47600,90.62
2001-01-22,7.38,9.88,6.50,8.44,64600,84.38
2001-01-16,8.00,8.56,6.81,7.38,82100,73.75
2001-01-08,3.91,7.50,3.31,7.12,75400,71.25
2001-01-02,3.62,4.38,3.00,3.94,33100,39.38
2000-12-26,3.06,4.00,3.00,3.62,63600,36.25
2000-12-18,4.44,4.50,2.66,3.25,50300,32.50
2000-12-11,4.69,5.50,4.25,4.38,28800,43.75
2000-12-04,5.12,5.94,4.25,4.88,36900,48.75
2000-11-27,6.66,7.25,4.00,4.69,46500,46.88
2000-11-20,6.64,6.69,4.75,6.00,38800,60.00
2000-11-13,8.25,9.38,6.00,6.94,37100,69.38
2000-11-06,12.69,12.69,9.00,9.19,44300,91.88
2000-10-30,9.25,12.38,9.00,11.75,43000,117.50
2000-10-23,11.69,11.88,9.25,9.75,32500,97.50
2000-10-16,13.56,14.25,11.00,11.56,42100,115.62
2000-10-09,14.00,14.16,9.00,12.50,43700,125.00
2000-10-02,18.56,19.50,13.12,14.06,26300,140.62
2000-09-25,20.56,21.00,16.88,18.06,27500,180.62
2000-09-18,20.44,23.12,18.62,20.38,48600,203.75
2000-09-11,18.88,23.38,18.25,20.50,57100,205.00
2000-09-05,21.66,22.31,19.00,19.45,18600,194.53
2000-08-30,21.62,22.94,20.75,21.94,18400,219.38
2000-08-21,21.09,21.56,19.56,21.19,14700,211.88
2000-08-14,22.75,22.75,20.12,20.12,21700,201.25
2000-08-07,20.69,25.00,20.00,22.50,34500,225.00
2000-07-31,19.25,21.88,18.00,20.38,27100,203.75
2000-07-24,26.94,28.00,18.56,19.38,47500,193.75
2000-07-17,30.12,32.94,26.12,26.31,38500,263.12
2000-07-10,33.56,34.25,28.00,30.00,72200,300.00
2000-07-03,39.09,40.00,32.81,33.88,59900,338.75
2000-06-26,34.12,40.50,32.31,39.31,86500,393.12
2000-06-19,30.62,38.50,30.12,33.88,75200,338.75
2000-06-12,36.69,39.50,30.25,32.25,142000,322.50
2000-06-05,20.88,36.88,20.81,36.12,235000,361.25
2000-05-30,13.94,21.50,13.50,20.52,124700,205.16
2000-05-22,15.81,16.25,12.00,13.75,30500,137.50
2000-05-15,18.50,19.88,16.00,16.00,24600,160.00
2000-05-08,21.88,23.00,18.13,18.38,24300,183.75
2000-05-01,23.50,25.00,20.25,21.88,44700,218.75
2000-04-24,21.50,24.69,18.50,22.50,51700,225.00
2000-04-17,13.25,29.75,11.06,24.31,140500,243.13
2000-04-10,33.31,34.00,14.38,14.94,68800,149.38
2000-04-03,40.00,40.00,23.62,32.75,99000,327.50
2000-03-27,50.50,52.50,29.12,41.94,67000,419.38
2000-03-20,54.88,57.00,42.50,49.37,76300,493.75
2000-03-13,50.00,78.00,47.87,54.69,228600,546.88
2000-03-06,67.94,67.94,47.75,54.81,210700,548.12
2000-02-28,77.50,115.00,61.02,66.75,548700,667.50
2000-02-22,37.06,76.06,34.75,67.50,396800,675.00
2000-02-14,14.62,45.50,12.00,33.62,425100,336.25
2000-02-07,9.44,17.00,9.25,14.50,67500,145.00
2000-01-31,8.87,10.00,6.69,9.13,12800,91.25
2000-01-24,9.38,10.00,8.31,8.62,14700,86.25
2000-01-18,6.62,10.63,6.44,9.38,39500,93.75
2000-01-10,6.50,7.25,5.75,6.62,23700,66.25
2000-01-03,5.00,7.37,4.37,6.13,23400,61.25
1999-12-27,3.31,5.22,2.87,4.88,13100,48.75
1999-12-20,3.00,4.06,2.81,3.31,10600,33.13
1999-12-13,3.00,3.25,2.75,3.13,5200,31.25
1999-12-06,3.13,3.19,2.75,3.19,4000,31.88
1999-11-29,3.06,3.47,2.87,3.19,3600,31.88
1999-11-22,3.13,3.19,2.94,3.19,1000,31.88
1999-11-15,3.00,3.19,2.91,3.13,1800,31.25
1999-11-08,3.31,3.56,2.87,3.25,1700,32.50
1999-11-01,3.44,4.00,3.31,3.31,1400,33.13
1999-10-25,3.06,3.50,2.87,3.25,2500,32.50
1999-10-18,3.25,3.25,2.87,3.25,900,32.50
1999-10-12,3.06,3.25,2.87,3.19,600,31.88
1999-10-04,3.00,3.38,2.69,3.06,3100,30.62
1999-09-27,3.34,3.56,3.00,3.13,4300,31.25
1999-09-20,3.88,3.94,3.31,3.44,1300,34.37
1999-09-13,4.00,4.06,3.62,3.88,900,38.75
1999-09-07,4.63,4.69,3.69,4.00,2100,40.00
1999-08-30,5.00,5.50,4.19,4.63,6300,46.25
1999-08-23,3.62,5.06,3.62,5.00,8400,50.00
1999-08-16,3.72,3.72,3.00,3.56,3300,35.62
1999-08-09,3.25,3.69,2.75,3.50,3700,35.00
1999-08-02,3.50,3.88,2.62,3.38,2500,33.75
1999-07-26,3.44,4.47,3.38,3.50,5600,35.00
1999-07-19,3.28,3.62,3.13,3.19,900,31.88
1999-07-12,3.75,4.37,3.25,3.50,2400,35.00
1999-07-06,3.31,3.88,3.00,3.81,2000,38.12
1999-06-28,3.56,3.88,3.50,3.50,1100,35.00
1999-06-21,3.25,3.75,3.06,3.56,1800,35.62
1999-06-14,2.62,3.38,2.62,3.38,1800,33.75
1999-06-07,2.97,3.00,2.50,2.62,1300,26.25
1999-06-01,2.75,2.94,2.62,2.75,900,27.50
1999-05-24,2.87,3.06,2.62,2.75,1000,27.50
1999-05-17,2.81,3.06,2.66,2.94,2400,29.38
1999-05-10,2.56,2.81,2.44,2.81,1800,28.12
1999-05-03,2.56,2.69,2.38,2.56,1700,25.63
1999-04-26,2.81,2.81,2.50,2.69,2100,26.87
1999-04-19,2.62,2.87,2.50,2.75,1400,27.50
1999-04-12,2.50,3.50,2.44,2.62,4500,26.25
1999-04-05,3.38,3.38,2.19,2.50,5100,25.00
1999-03-29,3.88,3.94,3.25,3.38,3500,33.75
1999-03-22,4.00,4.19,3.88,4.00,1900,40.00
1999-03-15,3.88,4.00,3.31,4.00,3200,40.00
1999-03-08,4.00,4.25,3.75,3.88,2100,38.75
1999-03-01,4.00,4.12,3.75,3.88,1100,38.75
1999-02-22,3.88,4.25,3.75,4.00,1600,40.00
1999-02-16,4.44,4.50,3.88,3.94,1300,39.38
1999-02-08,4.12,4.50,3.88,4.50,2000,45.00
1999-02-01,4.25,4.63,3.75,3.88,2100,38.75
1999-01-25,4.00,4.63,3.88,4.12,2000,41.25
1999-01-19,4.25,4.37,3.88,4.12,1200,41.25
1999-01-11,4.06,4.37,3.81,4.12,1400,41.25
1999-01-04,4.00,4.12,3.62,4.06,1800,40.63
1998-12-28,3.66,4.00,3.62,3.88,3300,38.75
1998-12-21,3.88,4.00,3.62,3.88,2700,38.75
1998-12-14,3.94,4.50,3.75,4.00,1800,40.00
1998-12-07,4.00,4.25,3.81,3.88,900,38.75
1998-11-30,4.12,4.31,3.75,4.25,1600,42.50
1998-11-23,4.19,4.50,4.00,4.12,1100,41.25
1998-11-16,4.37,4.50,4.00,4.37,800,43.75
1998-11-09,4.00,5.75,4.00,4.37,5600,43.75
1998-11-02,4.00,4.25,3.75,3.88,900,38.75
1998-10-26,3.75,4.06,3.50,3.75,3100,37.50
1998-10-19,3.75,3.88,3.38,3.62,2700,36.25
1998-10-12,4.12,4.12,3.75,3.75,1000,37.50
1998-10-05,3.94,4.50,3.25,3.88,4800,38.75
1998-09-28,4.94,4.94,3.94,3.94,1900,39.38
1998-09-21,5.38,5.62,4.75,4.88,5800,48.75
1998-09-14,4.50,5.75,4.00,5.50,9900,55.00
1998-09-08,5.00,5.00,4.12,4.25,1500,42.50
1998-08-31,5.00,5.00,4.00,4.50,3700,45.00
1998-08-24,5.31,5.44,4.75,4.75,2600,47.50
1998-08-17,5.25,6.31,4.94,5.12,4600,51.25
1998-08-10,5.25,5.87,5.25,5.25,3500,52.50
1998-08-03,5.50,5.50,4.63,5.25,3200,52.50
1998-07-27,5.87,5.87,4.75,5.25,4500,52.50
1998-07-20,6.31,6.31,5.50,5.66,5600,56.56
1998-07-13,6.31,6.31,6.13,6.25,2400,62.50
1998-07-06,6.13,6.50,6.13,6.13,4700,61.25
1998-06-29,6.38,6.56,6.00,6.25,6600,62.50
1998-06-22,5.00,6.62,5.00,6.19,9600,61.88
1998-06-15,5.00,5.19,4.63,5.19,3200,51.88
1998-06-08,5.00,5.00,4.56,4.75,2600,47.50
1998-06-01,4.88,6.00,4.63,4.88,10500,48.75
1998-05-26,4.88,5.00,4.88,4.88,2300,48.75
1998-05-18,5.00,5.12,4.88,5.00,4400,50.00
1998-05-11,4.88,5.12,4.81,4.88,1200,48.75
1998-05-04,5.00,5.38,4.75,5.00,3900,50.00
1998-04-27,5.62,5.75,4.63,5.06,4200,50.62
1998-04-20,5.50,5.75,4.75,5.75,6500,57.50
1998-04-13,5.75,6.00,5.12,5.38,6800,53.75
1998-04-06,6.19,6.50,5.31,5.75,17000,57.50
1998-03-30,3.50,6.25,3.41,6.06,68700,60.62
1998-03-23,3.13,3.50,3.00,3.47,4100,34.69
1998-03-16,3.19,3.31,3.00,3.13,1800,31.25
1998-03-09,3.00,3.25,2.75,3.19,1700,31.88
1998-03-02,3.00,3.13,2.75,3.00,1500,30.00
1998-02-23,3.19,3.44,2.87,3.00,2100,30.00
1998-02-17,3.13,3.50,3.13,3.19,2200,31.88
1998-02-09,3.13,3.25,2.87,3.13,2100,31.25
1998-02-02,3.50,3.50,2.75,3.25,3400,32.50
1998-01-26,3.25,3.50,3.13,3.38,500,33.75
1998-01-20,3.00,3.75,2.75,3.25,4000,32.50
1998-01-12,2.50,3.19,2.50,2.94,2100,29.38
1998-01-05,3.00,3.19,2.50,2.56,1300,25.63
1997-12-29,3.00,3.25,2.75,3.00,3000,30.00
1997-12-22,2.31,3.25,2.31,3.00,3700,30.00
1997-12-15,2.25,2.87,2.19,2.56,4700,25.63
1997-12-08,2.62,2.62,2.25,2.44,4900,24.38
1997-12-01,2.87,2.87,2.44,2.50,3500,25.00
1997-11-24,2.81,3.00,2.56,2.62,3900,26.25
1997-11-17,3.25,3.38,2.50,2.62,6200,26.25
1997-11-10,3.25,3.25,2.87,3.06,1800,30.62
1997-11-03,3.38,3.38,3.00,3.13,1600,31.25
1997-10-27,3.00,3.38,2.38,3.25,2900,32.50
1997-10-20,3.44,3.62,3.00,3.00,2600,30.00
1997-10-13,3.38,3.50,3.25,3.25,1000,32.50
1997-10-06,4.00,4.12,3.13,3.31,3700,33.13
1997-09-29,3.56,4.25,3.25,4.25,2000,42.50
1997-09-22,4.37,4.37,3.50,3.56,3600,35.62
1997-09-15,5.00,5.00,4.25,4.37,1800,43.75
1997-09-08,5.00,5.00,4.75,4.88,2100,48.75
1997-09-02,4.75,5.31,4.50,5.00,5800,50.00
1997-08-25,4.25,4.75,4.00,4.37,3600,43.75
1997-08-18,3.75,4.63,3.75,4.25,5400,42.50
1997-08-11,3.62,4.00,3.50,3.88,1300,38.75
1997-08-04,3.75,4.00,3.44,3.75,12900,37.50
1997-07-28,3.81,3.88,3.19,3.75,3900,37.50
1997-07-21,3.13,3.88,3.00,3.81,6200,38.12
1997-07-14,2.38,3.13,2.00,2.87,13200,28.75
1997-07-07,2.75,2.75,2.25,2.53,5200,25.31
1997-06-30,2.69,2.87,2.38,2.75,3200,27.50
1997-06-23,3.06,3.13,2.62,2.87,2100,28.75
1997-06-16,3.25,3.25,2.50,3.25,5500,32.50
1997-06-09,3.00,3.38,3.00,3.13,3000,31.25
1997-06-02,3.38,3.62,3.00,3.19,2300,31.88
1997-05-27,3.62,3.62,3.38,3.56,3000,35.62
1997-05-19,3.25,3.62,3.13,3.50,1800,35.00
1997-05-12,3.50,3.62,3.25,3.31,1300,33.13
1997-05-05,3.62,3.75,3.38,3.62,1400,36.25
1997-04-28,3.75,3.75,3.25,3.50,1400,35.00
1997-04-21,4.00,4.12,3.62,3.88,1700,38.75
1997-04-14,3.75,4.12,3.75,3.88,1500,38.75
1997-04-07,3.69,4.12,3.56,3.88,2300,38.75
1997-03-31,3.38,3.62,3.25,3.62,7900,36.25
1997-03-24,3.38,3.75,3.38,3.62,2500,36.25
1997-03-17,4.12,4.12,3.38,3.50,2500,35.00
1997-03-10,4.12,4.12,3.88,3.94,1600,39.38
1997-03-03,4.00,4.25,3.88,4.12,1400,41.25
1997-02-24,4.12,4.37,4.00,4.12,3300,41.25
1997-02-18,4.12,4.37,3.50,4.25,5800,42.50
1997-02-10,4.00,4.25,3.50,4.00,3900,40.00
1997-02-03,4.12,4.25,4.00,4.00,2200,40.00
1997-01-27,4.25,4.31,4.00,4.12,2100,41.25
1997-01-20,4.25,4.37,4.00,4.12,4400,41.25
1997-01-13,4.75,4.75,4.12,4.25,2100,42.50
1997-01-06,3.75,4.75,3.75,4.50,7500,45.00
1996-12-30,3.62,4.12,3.38,3.81,9600,38.12
1996-12-23,3.62,3.88,3.38,3.62,4000,36.25
1996-12-16,4.00,4.37,3.50,3.75,5500,37.50
1996-12-09,3.75,4.37,3.50,4.00,11900,40.00
1996-12-02,4.25,4.50,3.62,3.88,7400,38.75
1996-11-25,4.25,4.50,4.00,4.25,10600,42.50
1996-11-18,5.00,5.12,3.62,4.00,20600,40.00
1996-11-11,5.38,5.50,5.00,5.00,4300,50.00
1996-11-04,5.38,5.75,4.88,5.50,1700,55.00
1996-10-28,5.75,6.00,4.88,5.12,2900,51.25
1996-10-21,7.00,7.00,5.75,6.00,2800,60.00
1996-10-14,7.37,7.37,6.13,7.00,4300,70.00
1996-10-07,7.25,7.63,7.12,7.37,2500,73.75
1996-09-30,7.00,7.37,6.94,7.25,1200,72.50
1996-09-23,6.88,7.25,6.25,7.00,2300,70.00
1996-09-16,6.75,7.00,6.62,6.75,1600,67.50
1996-09-09,6.88,7.37,6.75,7.00,2100,70.00
1996-09-03,6.88,7.25,6.88,6.88,1700,68.75
1996-08-26,6.75,7.37,6.62,7.37,2400,73.75
1996-08-19,7.63,7.63,6.25,6.50,3000,65.00
1996-08-12,7.50,7.75,7.25,7.63,1600,76.25
1996-08-05,7.75,7.75,7.25,7.75,2500,77.50
1996-07-29,7.50,7.75,7.25,7.63,2200,76.25
1996-07-22,7.50,7.75,7.00,7.50,2500,75.00
1996-07-15,7.41,8.12,7.25,7.63,5400,76.25
1996-07-08,7.37,8.34,7.12,7.50,5000,75.00
1996-07-01,7.72,8.31,7.00,7.37,4400,73.75
1996-06-24,6.84,7.50,6.66,7.50,3700,75.00
1996-06-17,7.00,7.37,6.53,6.75,2600,67.50
1996-06-10,7.63,8.00,7.25,7.37,3100,73.75
1996-06-03,7.75,7.75,7.37,7.59,2400,75.94
1996-05-28,7.63,7.75,7.03,7.75,2600,77.50
1996-05-20,8.25,8.75,7.25,7.50,3800,75.00
1996-05-13,7.50,8.25,7.37,8.25,3600,82.50
1996-05-06,8.25,8.59,7.63,7.63,5100,76.25
1996-04-29,8.00,8.25,7.37,8.25,5300,82.50
1996-04-22,7.50,8.38,7.50,8.12,4300,81.25
1996-04-15,7.00,7.75,6.88,7.37,4400,73.75
1996-04-08,7.75,8.00,7.00,7.12,3400,71.25
1996-04-01,7.75,8.12,7.75,8.00,5200,80.00
1996-03-25,8.87,9.25,7.45,8.00,9700,80.00
1996-03-18,7.63,8.87,7.50,8.81,10600,88.12
1996-03-11,7.50,8.25,6.62,7.25,10200,72.50
1996-03-04,9.13,9.13,7.25,7.25,10200,72.50
1996-02-26,8.12,9.50,7.63,9.13,18400,91.25
1996-02-20,6.25,8.38,6.00,8.12,30400,81.25
1996-02-12,4.50,6.13,4.37,6.13,17700,61.25
1996-02-05,4.50,4.75,4.00,4.50,3200,45.00
1996-01-29,4.50,4.75,4.25,4.50,3000,45.00
1996-01-22,4.50,4.75,4.37,4.63,1400,46.25
1996-01-15,4.63,4.75,4.50,4.75,1400,47.50
1996-01-08,4.50,4.75,4.50,4.69,1500,46.88
1996-01-02,4.75,4.75,4.50,4.75,1000,47.50
1995-12-26,4.88,5.12,4.37,4.50,3700,45.00
1995-12-18,4.75,5.12,4.50,5.12,1900,51.25
1995-12-11,4.50,4.75,4.37,4.50,1500,45.00
1995-12-04,4.50,4.88,4.37,4.50,1100,45.00
1995-11-27,5.38,5.62,4.63,4.88,3700,48.75
1995-11-20,4.00,4.88,3.62,4.63,4800,46.25
1995-11-13,5.00,5.00,4.12,4.37,2500,43.75
1995-11-06,5.38,5.62,4.75,4.88,1700,48.75
1995-10-30,5.25,5.87,4.88,5.38,1600,53.75
1995-10-23,5.00,5.38,4.88,5.12,1200,51.25
1995-10-16,5.25,5.38,5.00,5.19,900,51.88
1995-10-09,5.75,6.13,5.25,5.25,1800,52.50
1995-10-02,5.50,6.13,5.25,5.87,3300,58.75
1995-09-25,5.12,5.38,4.88,5.38,2800,53.75
1995-09-18,5.25,5.38,4.88,5.25,2200,52.50
1995-09-11,5.38,5.50,5.00,5.00,3700,50.00
1995-09-05,5.87,5.87,5.38,5.38,2100,53.75
1995-08-28,5.87,6.00,5.62,5.87,2900,58.75
1995-08-21,5.50,5.87,5.25,5.87,2700,58.75
1995-08-14,5.75,6.25,5.50,5.75,5700,57.50
1995-08-07,6.75,6.88,5.62,5.87,6800,58.75
1995-07-31,5.38,7.12,5.25,6.62,7100,66.25
1995-07-24,5.38,5.62,5.16,5.62,3200,56.25
1995-07-17,5.75,5.75,5.12,5.12,2000,51.25
1995-07-10,6.13,6.13,5.50,5.50,1900,55.00
1995-07-03,5.87,6.13,5.75,6.13,1300,61.25
1995-06-26,5.53,5.87,5.38,5.87,1900,58.75
1995-06-19,5.94,5.94,5.50,5.75,1100,57.50
1995-06-12,5.75,6.00,5.50,5.94,1500,59.38
1995-06-05,6.25,6.25,5.25,5.62,1900,56.25
1995-05-30,6.03,6.25,6.00,6.13,2100,61.25
1995-05-22,6.25,6.25,5.91,6.25,1900,62.50
1995-05-15,6.13,6.38,5.87,6.13,4600,61.25
1995-05-08,6.72,6.88,5.87,6.00,3600,60.00
1995-05-01,6.50,6.75,6.25,6.72,1600,67.19
1995-04-24,6.13,6.47,5.75,6.47,1700,64.69
1995-04-17,6.00,6.25,5.62,6.09,700,60.94
1995-04-10,6.13,6.13,5.50,5.75,1500,57.50
1995-04-03,5.87,6.00,5.38,6.00,800,60.00
1995-03-27,6.84,6.84,5.50,5.84,1600,58.44
1995-03-20,5.41,6.88,5.41,6.75,3300,67.50
1995-03-13,5.38,5.84,5.25,5.84,5600,58.44
1995-03-06,5.75,6.13,5.25,5.62,3400,56.25
1995-02-27,6.25,6.38,5.75,5.87,4900,58.75
1995-02-21,6.38,6.62,6.00,6.25,4100,62.50
1995-02-13,7.37,7.37,6.38,6.62,1700,66.25
1995-02-06,7.25,7.50,6.88,7.25,3500,72.50
1995-01-30,6.88,7.50,6.50,7.12,2200,71.25
1995-01-23,6.88,7.75,6.50,7.25,4400,72.50
1995-01-16,6.50,7.25,6.13,6.75,2200,67.50
1995-01-09,6.75,6.75,6.00,6.25,1200,62.50
1995-01-03,6.38,6.75,6.25,6.75,1200,67.50
1994-12-27,6.66,7.12,6.38,6.50,800,65.00
1994-12-19,6.50,7.50,6.00,6.66,3400,66.56
1994-12-12,6.13,6.50,5.87,6.38,2100,63.75
1994-12-05,6.25,6.88,5.87,5.87,1000,58.75
1994-11-28,6.50,6.88,6.00,6.25,1800,62.50
1994-11-21,6.06,6.72,5.87,6.25,2100,62.50
1994-11-14,7.00,7.22,6.06,6.06,2100,60.62
1994-11-07,7.50,7.50,6.75,6.75,2300,67.50
1994-10-31,7.25,7.50,7.06,7.50,1800,75.00
1994-10-24,6.50,7.50,6.50,7.16,2600,71.56
1994-10-17,6.88,7.19,6.50,7.00,1300,70.00
1994-10-10,6.75,7.25,6.53,7.00,900,70.00
1994-10-03,7.75,7.75,6.75,6.75,1800,67.50
1994-09-26,6.94,7.88,6.69,7.50,6200,75.00
1994-09-19,7.25,7.44,6.50,6.75,900,67.50
1994-09-12,7.75,7.75,6.88,7.00,2700,70.00
1994-09-06,7.00,7.75,6.56,7.31,5600,73.12
1994-08-29,6.75,7.00,6.38,6.56,2000,65.62
1994-08-22,6.88,7.37,6.50,6.88,1400,68.75
1994-08-15,8.25,8.75,6.25,6.88,8800,68.75
1994-08-08,6.50,7.00,5.75,6.62,2300,66.25
1994-08-01,6.50,6.75,6.00,6.50,900,65.00
1994-07-25,6.62,6.75,6.50,6.75,800,67.50
1994-07-18,6.50,6.88,6.25,6.75,300,67.50
1994-07-11,6.88,7.12,6.00,6.88,2100,68.75
1994-07-05,7.00,7.37,6.88,7.25,800,72.50
1994-06-27,6.50,7.37,5.87,7.25,5200,72.50
1994-06-20,6.50,7.25,6.25,6.62,3000,66.25
1994-06-13,6.00,7.00,5.75,7.00,3200,70.00
1994-06-06,6.25,6.75,5.50,5.75,1700,57.50
1994-05-31,6.88,6.88,6.25,6.75,700,67.50
1994-05-23,6.75,7.00,6.25,6.88,3500,68.75
1994-05-16,7.00,7.50,6.75,7.25,2400,72.50
1994-05-09,9.13,9.25,7.00,7.50,5600,75.00
1994-05-02,9.25,9.25,9.13,9.19,10200,91.88
1994-04-25,9.25,9.25,9.13,9.13,7800,91.25
1994-04-18,7.12,9.50,7.00,9.13,16600,91.25
1994-04-11,6.88,7.25,6.88,7.12,6500,71.25
1994-04-04,6.75,7.12,6.75,7.00,4300,70.00
1994-03-28,7.00,7.00,6.75,7.00,5600,70.00
1994-03-21,6.25,7.00,6.00,7.00,4800,70.00
1994-03-14,6.25,6.38,6.00,6.00,3800,60.00
1994-03-07,5.75,6.38,5.12,5.87,6600,58.75
1994-02-28,5.25,5.75,5.25,5.50,1900,55.00
1994-02-22,6.13,6.13,5.25,5.50,700,55.00
1994-02-14,6.13,6.50,5.75,6.13,1000,61.25
1994-02-07,6.62,6.62,6.13,6.25,1200,62.50
1994-01-31,6.75,7.12,6.13,6.62,3100,66.25
1994-01-24,6.50,6.75,5.75,6.75,1800,67.50
1994-01-18,6.00,6.50,5.75,6.50,1200,65.00
1994-01-10,6.00,6.50,5.75,6.50,600,65.00
1994-01-03,6.50,6.50,5.75,6.50,2200,65.00
1993-12-27,6.25,6.50,5.75,6.38,1400,63.75
1993-12-20,6.50,6.75,5.75,5.75,1700,57.50
1993-12-13,6.75,6.75,6.25,6.25,1800,62.50
1993-12-06,6.50,6.75,6.00,6.75,3000,67.50
1993-11-29,6.88,7.00,5.50,6.25,6700,62.50
1993-11-22,6.62,7.00,6.50,7.00,1200,70.00
1993-11-15,7.00,7.00,6.50,7.00,500,70.00
1993-11-08,6.50,7.00,6.25,7.00,2800,70.00
1993-11-01,6.50,7.50,6.00,6.25,3500,62.50
1993-10-25,7.50,7.50,6.13,6.88,1000,68.75
1993-10-18,6.38,7.50,6.00,7.50,1800,75.00
1993-10-11,6.50,6.50,6.00,6.00,1000,60.00
1993-10-04,6.62,6.62,6.00,6.25,1500,62.50
1993-09-27,6.50,7.00,6.25,6.50,500,65.00
1993-09-20,6.50,6.75,6.00,6.00,1300,60.00
1993-09-13,6.25,7.75,6.00,6.50,8700,65.00
1993-09-07,6.50,6.50,5.00,6.00,4100,60.00
1993-08-30,5.62,6.75,5.50,6.00,1100,60.00
1993-08-23,6.75,6.75,5.62,5.62,700,56.25
1993-08-16,8.00,8.00,6.75,6.75,700,67.50
1993-08-09,7.50,8.00,7.50,7.50,1400,75.00
1993-08-02,7.50,8.00,7.50,7.50,800,75.00
1993-07-26,8.12,8.12,7.50,7.50,1100,75.00
1993-07-19,8.25,8.25,7.75,8.25,1600,82.50
1993-07-12,7.75,8.25,7.50,8.25,1600,82.50
1993-07-06,8.50,8.75,7.75,8.50,3800,85.00
1993-06-28,7.75,8.50,7.75,8.50,1400,85.00
1993-06-21,7.88,8.00,7.50,7.75,2100,77.50
1993-06-14,6.25,8.25,5.75,7.50,5300,75.00
1993-06-07,6.13,6.38,5.75,6.00,1000,60.00
1993-06-01,6.13,6.38,6.00,6.00,1800,60.00
1993-05-24,6.50,6.75,6.00,6.38,3500,63.75
1993-05-17,6.75,7.25,6.25,6.75,1600,67.50
1993-05-10,7.50,7.75,6.62,6.88,2600,68.75
1993-05-03,7.25,8.38,6.88,7.50,2100,75.00
1993-04-26,8.00,9.00,6.75,7.25,7600,72.50
1993-04-19,7.50,8.25,6.50,8.25,4100,82.50
1993-04-12,7.00,7.50,6.50,7.50,5700,75.00
1993-04-05,8.25,8.25,7.00,7.00,5600,70.00
1993-03-29,10.00,10.00,7.88,8.25,5700,82.50
1993-03-22,10.00,10.12,9.00,9.88,6900,98.75
1993-03-15,10.25,10.25,10.00,10.00,7200,100.00
1993-03-09,10.50,10.50,10.00,10.25,50100,102.50
