Date,Open,High,Low,Close,Volume,Adj Close
2012-05-21,83.35,87.64,82.69,86.89,2065900,86.89
2012-05-14,87.34,88.66,82.98,83.05,1565900,83.05
2012-05-07,89.76,90.28,86.99,88.54,1826900,88.54
2012-04-30,83.21,91.50,82.51,89.96,3134900,89.96
2012-04-23,83.85,84.40,81.72,83.49,1461100,83.49
2012-04-16,85.51,86.00,83.67,84.66,1205600,84.66
2012-04-09,82.34,85.84,81.56,85.31,1292800,85.31
2012-04-02,83.22,83.90,80.81,83.67,1188700,83.67
2012-03-26,84.29,85.59,82.26,83.20,1697000,83.06
2012-03-19,85.05,85.27,82.48,83.45,1026900,83.31
2012-03-12,84.05,86.35,83.44,85.15,1374500,85.01
2012-03-05,82.90,84.17,80.80,83.87,1117900,83.73
2012-02-27,80.67,83.43,80.32,82.81,1740300,82.67
2012-02-21,81.20,81.83,79.58,81.10,995000,80.96
2012-02-13,81.71,81.75,79.83,81.20,1216200,81.06
2012-02-06,76.14,82.36,75.60,81.62,3901100,81.48
2012-01-30,74.25,76.99,73.52,76.25,1308500,76.12
2012-01-23,76.52,77.74,74.27,74.89,1325100,74.76
2012-01-17,74.06,78.29,74.06,76.30,2545900,76.17
2012-01-09,72.88,73.86,71.26,73.69,1402900,73.57
2012-01-03,70.55,73.36,69.34,72.88,1820900,72.62
2011-12-27,68.70,70.14,68.28,69.58,1051400,69.33
2011-12-19,66.51,68.96,65.77,68.74,1304100,68.49
2011-12-12,68.53,68.98,65.80,66.16,1243300,65.92
2011-12-05,69.43,70.10,66.58,69.11,1266700,68.86
2011-11-28,65.72,69.32,64.88,68.37,1724300,68.12
2011-11-21,64.42,66.04,62.77,63.55,1455700,63.32
2011-11-14,68.50,68.74,65.18,65.42,1532700,65.18
2011-11-07,69.03,69.05,65.60,68.70,1991300,68.45
2011-10-31,72.72,73.34,66.44,68.67,3208400,68.42
2011-10-24,72.00,74.45,69.25,73.65,1783900,73.38
2011-10-17,68.96,72.93,67.15,72.00,1306500,71.74
2011-10-10,67.60,69.75,66.76,69.12,1413600,68.87
2011-10-03,65.21,67.80,60.39,66.80,2805100,66.56
2011-09-26,69.10,72.70,65.09,65.31,2145800,65.07
2011-09-19,68.05,73.33,66.51,68.20,2525800,67.95
2011-09-12,63.27,69.24,63.27,69.05,2690100,68.80
2011-09-06,61.43,67.14,60.91,64.48,2081200,64.15
2011-08-29,61.59,66.48,61.35,63.11,1855900,62.79
2011-08-22,58.18,61.10,56.37,61.08,1876600,60.77
2011-08-15,58.68,62.53,56.71,56.83,3455600,56.54
2011-08-08,56.88,58.73,53.32,58.29,3379600,57.99
2011-08-01,67.44,67.44,57.97,58.61,2418000,58.31
2011-07-25,65.33,68.00,63.76,66.70,2859500,66.36
2011-07-18,64.13,66.16,63.40,66.13,858100,65.79
2011-07-11,65.00,67.42,63.70,64.52,1588700,64.19
2011-07-05,64.12,64.89,62.37,64.36,1071100,64.03
2011-06-27,60.37,64.41,59.96,64.41,1336400,64.08
2011-06-20,56.88,61.50,56.67,60.52,1963500,60.21
2011-06-13,54.71,56.96,53.92,55.69,1558000,55.31
2011-06-06,56.88,57.88,54.14,54.23,1715800,53.86
2011-05-31,60.84,61.50,57.00,57.15,1652700,56.77
2011-05-23,59.99,61.06,59.27,60.57,958200,60.16
2011-05-16,62.00,62.44,60.42,60.84,857700,60.43
2011-05-09,61.33,63.68,60.88,62.49,1330000,62.07
2011-05-02,61.29,62.98,58.45,61.57,4561900,61.16
2011-04-25,66.38,66.75,60.85,62.76,2982800,62.34
2011-04-18,63.94,66.36,62.76,66.30,1265800,65.85
2011-04-11,62.92,65.35,62.10,64.71,1486000,64.27
2011-04-04,66.73,66.87,62.58,62.90,1719100,62.48
2011-03-28,63.96,66.87,63.20,66.73,1270400,66.18
2011-03-21,61.00,64.16,60.40,63.96,1580500,63.43
2011-03-14,58.39,61.43,57.58,60.44,2566600,59.94
2011-03-07,59.21,59.21,56.83,58.89,1539600,58.40
2011-02-28,58.18,59.60,56.36,59.05,1678000,58.56
2011-02-22,59.53,59.99,56.28,57.88,2049500,57.40
2011-02-14,59.50,60.60,59.02,60.03,2071700,59.53
2011-02-07,53.02,60.94,52.52,59.67,4249700,59.18
2011-01-31,50.69,53.06,50.64,53.00,1626300,52.56
2011-01-24,51.99,52.63,50.26,50.44,1478300,50.02
2011-01-18,53.00,53.46,51.50,51.83,1735000,51.40
2011-01-10,48.24,53.06,47.90,53.03,2268100,52.59
2011-01-03,50.95,51.33,47.83,48.60,1705200,48.20
2010-12-27,50.40,50.84,49.43,50.59,939900,50.07
2010-12-20,50.64,51.75,50.06,50.75,1234500,50.23
2010-12-13,49.75,50.97,48.46,50.46,2424700,49.94
2010-12-06,48.84,49.51,48.21,49.49,1465100,48.98
2010-11-29,46.67,49.25,46.13,48.87,1625100,48.37
2010-11-22,45.60,47.27,45.38,47.01,1540700,46.53
2010-11-15,47.19,47.46,45.38,45.71,2450800,45.24
2010-11-08,45.26,47.40,45.12,46.86,2401700,46.38
2010-11-01,39.92,48.02,39.73,45.49,5928300,45.02
2010-10-25,40.07,40.33,39.07,39.75,1825900,39.34
2010-10-18,38.42,40.06,37.36,39.89,2928200,39.48
2010-10-11,34.47,38.71,34.47,38.30,3868500,37.91
2010-10-04,36.91,37.06,34.04,34.57,3481300,34.21
2010-09-27,37.11,37.89,36.32,37.07,1723600,36.69
2010-09-20,37.21,38.41,36.12,37.07,2772100,36.69
2010-09-13,35.95,37.16,34.14,37.09,3408100,36.71
2010-09-07,36.53,36.66,35.07,35.47,1965900,35.10
2010-08-30,35.30,37.25,34.50,36.66,2057900,36.28
2010-08-23,36.67,36.92,35.04,35.70,1959000,35.33
2010-08-16,36.15,37.24,36.03,36.72,2080900,36.34
2010-08-09,37.02,37.25,35.09,36.42,2505000,36.04
2010-08-02,38.63,39.59,35.75,36.48,4395500,36.10
2010-07-26,38.71,40.43,37.28,37.97,2155200,37.58
2010-07-19,37.27,38.79,36.15,38.77,1832700,38.37
2010-07-12,36.46,39.09,35.78,37.21,2498700,36.83
2010-07-06,35.50,36.89,33.96,36.66,2460500,36.28
2010-06-28,38.80,38.84,34.52,35.02,2234200,34.66
2010-06-21,40.64,40.95,38.00,38.69,1706400,38.29
2010-06-14,39.60,40.76,39.55,40.36,1687900,39.94
2010-06-07,38.57,39.45,37.32,39.38,1641500,38.97
2010-06-01,39.91,40.76,38.51,38.61,2571000,38.21
2010-05-24,38.93,41.31,38.21,40.43,2365100,40.01
2010-05-17,41.12,41.70,37.55,39.24,3285800,38.84
2010-05-10,38.38,43.18,38.29,40.83,5293900,40.41
2010-05-03,39.12,40.70,35.70,36.68,3030800,36.30
2010-04-26,40.17,40.23,37.59,39.02,2319000,38.62
2010-04-19,39.07,40.37,37.58,40.20,2226200,39.79
2010-04-12,38.97,39.76,37.95,39.11,1910000,38.71
2010-04-05,37.00,38.80,36.66,38.80,1958000,38.40
2010-03-29,35.41,36.97,35.41,36.91,1623100,36.53
2010-03-22,35.34,36.01,34.91,35.41,2187900,35.05
2010-03-15,36.25,37.10,35.31,35.83,2205200,35.46
2010-03-08,35.95,36.30,34.92,36.30,2333800,35.93
2010-03-01,35.92,36.74,35.71,36.11,3267400,35.74
2010-02-22,33.71,36.04,33.30,35.49,6398500,35.12
2010-02-16,30.50,34.72,29.98,33.66,10319700,33.31
2010-02-08,27.63,29.79,27.55,29.75,3252000,29.44
2010-02-01,27.22,28.05,26.88,27.38,2146400,27.10
2010-01-25,28.51,29.01,27.00,27.22,2068000,26.94
2010-01-19,27.83,30.19,27.48,28.45,2757700,28.16
2010-01-11,27.86,29.88,27.80,27.95,2673900,27.66
2010-01-04,27.59,28.26,27.19,27.96,2154800,27.67
2009-12-28,28.40,28.57,27.45,27.45,1221600,27.17
2009-12-21,27.15,29.74,26.92,28.41,1595300,28.12
2009-12-14,26.79,28.32,26.75,26.99,2457400,26.71
2009-12-07,26.10,26.70,24.94,26.67,2253500,26.40
2009-11-30,25.77,26.53,25.35,26.20,1974800,25.93
2009-11-23,26.68,26.99,25.31,25.90,2126200,25.63
2009-11-16,27.52,27.78,25.93,26.36,3717100,26.09
2009-11-09,28.36,28.93,27.20,27.49,2910300,27.21
2009-11-02,32.08,32.85,26.83,28.25,6407200,27.96
2009-10-26,33.36,34.20,32.05,32.06,2219000,31.73
2009-10-19,33.75,34.40,32.60,33.36,1873000,33.02
2009-10-12,31.96,33.91,31.79,33.74,2273100,33.39
2009-10-05,29.45,31.79,29.24,31.67,2175600,31.34
2009-09-28,28.95,31.20,28.27,29.21,3337800,28.91
2009-09-21,28.43,29.50,28.12,28.77,2735100,28.47
2009-09-14,28.25,29.06,28.00,28.60,2279000,28.31
2009-09-08,28.24,29.24,27.65,28.43,2158700,28.14
2009-08-31,28.90,29.25,26.91,27.65,2481100,27.37
2009-08-24,28.97,29.98,27.97,29.11,2357200,28.81
2009-08-17,27.56,28.90,26.81,28.78,2574800,28.48
2009-08-10,28.37,28.73,27.35,28.10,2897400,27.81
2009-08-03,24.59,30.13,24.18,28.42,7378300,28.13
2009-07-27,23.70,25.14,23.59,24.19,2676100,23.94
2009-07-20,21.81,24.30,21.68,23.73,3844800,23.49
2009-07-13,19.29,21.97,18.85,21.87,4258700,21.64
2009-07-06,17.70,19.50,17.16,19.25,4412700,19.05
2009-06-29,19.09,19.45,17.97,17.97,2528600,17.78
2009-06-22,19.00,19.33,17.85,19.20,3551500,19.00
2009-06-15,19.99,20.08,18.32,19.27,3213300,19.07
2009-06-08,20.85,21.93,19.91,20.44,1985500,20.23
2009-06-01,20.25,21.95,19.89,21.16,3190600,20.94
2009-05-26,18.61,19.50,17.99,18.87,3358400,18.68
2009-05-18,19.75,21.34,18.83,18.90,3539000,18.71
2009-05-11,21.75,22.27,19.19,19.61,4955800,19.41
2009-05-04,21.40,23.71,20.77,22.17,3207900,21.94
2009-04-27,19.14,21.17,18.80,20.93,2805900,20.71
2009-04-20,18.50,19.74,17.15,19.74,3041900,19.54
2009-04-13,18.40,18.87,17.08,18.48,2154000,18.29
2009-04-06,18.45,18.62,17.09,18.36,2851900,18.17
2009-03-30,17.39,19.11,16.25,18.64,3727900,18.45
2009-03-23,15.85,18.27,15.08,17.97,3977000,17.78
2009-03-16,14.55,16.40,14.50,15.37,4065500,15.21
2009-03-09,11.62,14.58,11.62,14.38,3536600,14.23
2009-03-02,12.37,12.37,11.33,12.08,3326600,11.96
2009-02-23,12.88,13.04,11.83,12.15,4284300,12.02
2009-02-17,9.78,13.33,9.06,12.84,9137900,12.71
2009-02-09,10.88,11.25,9.95,9.97,2379100,9.87
2009-02-02,10.18,10.93,9.91,10.88,2726200,10.77
2009-01-26,11.39,12.44,10.17,10.25,3031900,10.14
2009-01-20,12.14,12.44,10.76,11.37,2628900,11.25
2009-01-12,12.43,13.37,11.80,12.16,3925900,12.03
2009-01-05,9.87,13.00,9.73,12.57,5060800,12.44
2008-12-29,8.84,9.94,8.68,9.89,2607100,9.79
2008-12-22,10.28,10.37,8.74,8.89,1621300,8.80
2008-12-15,10.35,11.23,9.84,9.96,3742000,9.86
2008-12-08,10.88,11.41,9.90,10.35,2779500,10.24
2008-12-01,10.06,10.68,9.44,10.60,2747600,10.49
2008-11-24,8.02,10.85,8.02,10.58,3751000,10.47
2008-11-17,9.04,9.85,7.04,8.19,3913100,8.11
2008-11-10,10.26,10.38,8.52,9.38,4098400,9.28
2008-11-03,10.68,12.25,9.66,10.05,6963600,9.95
2008-10-27,10.48,11.25,9.91,10.72,3331100,10.61
2008-10-20,14.38,14.79,10.28,10.74,3544800,10.63
2008-10-13,15.50,17.00,13.00,13.98,2771900,13.84
2008-10-06,17.80,18.57,13.26,14.83,3511000,14.68
2008-09-29,22.21,22.21,17.50,18.00,2753000,17.81
2008-09-22,20.85,21.10,18.88,20.64,2915200,20.43
2008-09-15,18.22,21.88,17.75,20.79,6323000,20.58
2008-09-08,18.15,19.25,17.72,18.43,4372400,18.24
2008-09-02,18.74,19.30,17.37,18.12,3898500,17.93
2008-08-25,18.30,18.72,17.53,18.31,3668100,18.12
2008-08-18,19.72,19.84,18.23,18.44,3455400,18.25
2008-08-11,18.65,20.09,18.46,19.69,4419800,19.49
2008-08-04,21.50,23.69,18.26,18.65,10831100,18.46
2008-07-28,22.40,22.93,21.21,21.42,3329600,21.20
2008-07-21,23.27,24.22,21.62,22.52,5125900,22.29
2008-07-14,21.30,22.67,20.18,21.38,5650400,21.16
2008-07-07,22.71,23.58,20.53,21.04,5469300,20.82
2008-06-30,23.94,24.13,22.63,22.71,5110600,22.28
2008-06-23,26.49,26.57,24.40,24.65,3505000,24.19
2008-06-16,26.91,27.67,25.75,26.32,3436000,25.82
2008-06-09,28.67,28.89,26.71,27.16,4308300,26.65
2008-06-02,28.85,29.82,27.82,28.50,3801900,27.96
2008-05-27,27.66,29.78,27.38,29.00,3926500,28.45
2008-05-19,29.21,29.32,27.32,27.62,3883000,27.10
2008-05-12,33.11,34.30,28.45,29.06,10661100,28.51
2008-05-05,35.00,35.21,32.50,32.78,2152100,32.16
2008-04-28,31.00,36.03,30.50,34.98,3109100,34.32
2008-04-21,32.75,32.99,31.03,31.19,2204400,30.60
2008-04-14,31.94,34.08,31.56,32.95,2444000,32.33
2008-04-07,34.00,34.53,31.96,32.04,2554300,31.44
2008-03-31,32.40,34.81,32.28,33.89,2749700,33.05
2008-03-24,32.99,33.95,32.23,32.48,2692600,31.68
2008-03-17,30.25,33.10,29.99,32.65,3949900,31.85
2008-03-10,34.01,34.50,30.90,31.17,4106900,30.40
2008-03-03,35.09,36.43,33.56,34.07,2851900,33.23
2008-02-25,36.80,37.33,35.00,35.15,2990500,34.28
2008-02-19,40.04,40.04,36.11,36.76,5577500,35.85
2008-02-11,39.57,42.48,38.30,39.12,4343500,38.16
2008-02-04,40.92,41.25,38.25,39.38,3060300,38.41
2008-01-28,37.41,41.29,36.40,40.76,2994700,39.76
2008-01-22,34.19,40.52,34.14,37.55,5198100,36.62
2008-01-14,37.56,38.14,34.73,35.08,3235100,34.22
2008-01-07,38.00,38.10,34.37,37.50,5106000,36.58
2007-12-31,41.58,41.58,37.81,37.92,3234000,36.78
2007-12-24,42.62,42.62,41.00,41.60,1163200,40.35
2007-12-17,40.38,42.78,39.42,42.58,2404200,41.30
2007-12-10,42.92,44.07,40.22,40.58,2437100,39.36
2007-12-03,43.13,43.70,41.04,43.05,2164900,41.75
2007-11-26,40.59,43.55,40.27,43.01,2688900,41.72
2007-11-19,44.86,45.09,39.88,40.75,5067800,39.52
2007-11-12,43.32,47.76,43.32,45.31,2932500,43.95
2007-11-05,48.75,51.06,43.36,43.38,3518200,42.07
2007-10-29,48.06,49.54,46.99,48.91,2089900,47.44
2007-10-22,47.62,48.77,45.92,47.70,1851800,46.26
2007-10-15,51.40,51.72,47.21,47.25,2765500,45.83
2007-10-08,52.56,53.65,49.74,51.50,3047600,49.95
2007-10-01,49.18,53.40,48.50,53.20,2223700,51.42
2007-09-24,44.81,49.49,44.44,48.96,2625900,47.32
2007-09-17,43.10,45.99,42.20,45.03,1790300,43.53
2007-09-10,43.37,44.62,42.31,43.38,1414300,41.93
2007-09-04,44.21,44.75,42.55,43.13,1743000,41.69
2007-08-27,44.59,46.08,43.36,44.26,2627600,42.78
2007-08-20,44.40,45.00,42.79,44.54,1809300,43.05
2007-08-13,42.55,44.80,40.40,44.30,3472400,42.82
2007-08-06,40.54,46.74,40.36,42.27,5691900,40.86
2007-07-30,36.00,41.59,36.00,40.31,6536000,38.96
2007-07-23,39.42,40.00,36.00,36.00,4012600,34.80
2007-07-16,40.50,41.13,39.15,39.32,3614700,38.01
2007-07-09,38.19,40.76,37.95,40.50,4909800,39.15
2007-07-02,38.17,38.45,37.80,38.06,1982500,36.62
2007-06-25,38.23,39.00,37.96,38.30,2338100,36.85
2007-06-18,39.82,40.00,38.17,38.30,2493300,36.85
2007-06-11,39.20,39.90,38.09,39.66,2579000,38.16
2007-06-04,41.36,41.72,38.12,39.32,4396700,37.83
2007-05-29,40.38,41.94,40.26,41.67,2482400,40.09
2007-05-21,39.74,41.00,38.98,40.43,2946500,38.90
2007-05-14,40.77,40.77,38.38,39.74,6679000,38.23
2007-05-07,45.31,46.49,40.00,40.97,9501800,39.42
2007-04-30,47.83,47.90,45.02,45.25,2601000,43.54
2007-04-23,46.23,48.06,46.00,47.51,2482300,45.71
2007-04-16,44.55,46.04,44.37,45.91,1815000,44.17
2007-04-09,45.76,45.76,43.82,44.34,1870100,42.66
2007-04-02,45.03,45.90,44.45,45.38,1732300,43.49
2007-03-26,44.82,45.84,43.97,44.85,2418400,42.98
2007-03-19,44.47,45.72,43.77,45.02,2587600,43.14
2007-03-12,45.95,46.20,43.40,44.22,2795600,42.37
2007-03-05,45.77,47.46,45.68,46.02,2445900,44.10
2007-02-26,50.27,50.75,45.75,46.23,3787900,44.30
2007-02-20,46.28,52.43,45.14,50.47,13100500,48.36
2007-02-12,45.22,46.67,44.64,46.43,2138900,44.49
2007-02-05,44.78,45.93,44.59,45.61,2152800,43.71
2007-01-29,42.60,44.93,42.58,44.67,4786700,42.81
2007-01-22,44.17,44.53,42.13,42.51,3659400,40.74
2007-01-16,45.99,46.58,43.92,43.96,3785600,42.12
2007-01-08,46.66,46.66,45.46,45.69,2338500,43.78
2007-01-03,47.14,47.32,45.27,46.63,3090300,44.51
2006-12-26,47.69,47.83,46.75,46.93,1873900,44.80
2006-12-18,49.05,49.50,47.57,47.68,1537900,45.51
2006-12-11,48.94,49.70,47.75,49.06,2081800,46.83
2006-12-04,48.55,49.75,48.37,48.88,2253700,46.66
2006-11-27,49.12,49.20,46.61,48.28,2595800,46.08
2006-11-20,50.00,50.00,48.50,49.17,2219900,46.93
2006-11-13,49.42,50.20,48.80,49.40,3179500,47.15
2006-11-06,46.63,49.75,46.00,48.97,7746400,46.74
2006-10-30,63.21,65.26,45.56,46.26,11991800,44.16
2006-10-23,64.77,66.25,63.85,64.75,1362000,61.81
2006-10-16,62.70,65.78,62.69,64.75,1684100,61.81
2006-10-09,61.36,63.50,60.61,62.76,1219400,59.91
2006-10-02,59.70,62.01,58.46,61.44,1304900,58.51
2006-09-25,59.58,61.82,58.25,59.43,1222700,56.59
2006-09-18,56.25,61.01,56.25,59.29,1730000,56.46
2006-09-11,53.17,59.25,52.69,56.32,2443800,53.63
2006-09-05,53.82,53.82,51.88,53.16,1122700,50.62
2006-08-28,54.30,55.01,52.87,53.54,1340400,50.98
2006-08-21,53.80,54.89,52.25,54.66,1662800,52.05
2006-08-14,49.62,55.41,49.30,53.95,3798000,51.37
2006-08-07,51.09,51.26,46.91,47.37,2733500,45.11
2006-07-31,57.52,58.05,49.97,51.23,5939600,48.78
2006-07-24,57.17,57.70,55.75,57.65,1795300,54.90
2006-07-17,58.01,59.75,54.66,57.09,2183300,54.36
2006-07-10,63.00,63.87,57.52,58.39,1506800,55.60
2006-07-03,64.74,65.49,62.28,62.47,957900,59.35
2006-06-26,61.95,65.31,61.12,64.64,947400,61.41
2006-06-19,62.20,63.19,61.08,61.97,911100,58.87
2006-06-12,64.33,64.92,59.42,62.18,1898800,59.07
2006-06-05,65.46,66.09,63.55,64.60,1538100,61.37
2006-05-30,66.93,67.19,64.35,65.69,1287100,62.40
2006-05-22,65.27,68.67,65.06,66.85,1412600,63.51
2006-05-15,68.27,70.80,65.17,65.96,1446400,62.66
2006-05-08,71.77,72.53,68.35,68.96,1622600,65.51
2006-05-01,61.30,72.34,61.05,72.08,3606000,68.48
2006-04-24,64.02,64.03,61.10,61.38,1179100,58.31
2006-04-17,66.61,67.61,63.68,63.91,988200,60.71
2006-04-10,66.11,74.00,64.31,66.67,1657300,63.34
2006-04-03,66.93,67.62,64.52,66.06,1373100,62.61
2006-03-27,64.28,67.77,64.04,66.44,1451200,62.97
2006-03-20,64.27,65.50,63.20,65.10,1443600,61.70
2006-03-13,63.02,64.35,58.87,64.11,2696400,60.76
2006-03-06,63.53,64.90,62.72,63.49,1251500,60.18
2006-02-27,63.69,64.52,63.00,63.52,1357000,60.21
2006-02-21,63.80,64.55,61.38,63.73,2071700,60.40
2006-02-13,64.98,65.63,63.28,63.60,1902600,60.28
2006-02-06,70.23,72.70,63.12,64.85,4792100,61.47
2006-01-30,73.25,74.09,70.75,70.84,1595100,67.14
2006-01-23,72.50,73.33,71.00,73.00,1674600,69.19
2006-01-17,72.43,74.77,70.32,72.59,1864500,68.80
2006-01-09,76.88,78.27,73.01,73.32,2086800,69.49
2006-01-03,77.62,77.88,76.23,77.44,2623200,71.38
2005-12-27,153.55,154.11,77.00,77.39,8145800,71.33
2005-12-19,153.97,156.32,151.12,153.18,1526100,70.60
2005-12-12,153.65,156.45,151.26,153.50,1883400,70.74
2005-12-05,152.69,155.00,148.75,154.04,1804000,70.99
2005-11-28,147.95,153.28,145.17,152.53,1704400,70.30
2005-11-21,144.99,149.12,143.41,147.95,1579600,68.19
2005-11-14,141.24,146.15,139.07,144.59,2712600,66.64
2005-11-07,148.72,149.00,132.19,141.38,5661400,65.16
2005-10-31,139.83,152.67,139.40,149.93,3032400,69.10
2005-10-24,134.54,141.43,133.43,139.35,1859800,64.22
2005-10-17,128.31,136.39,127.31,135.28,1751300,62.35
2005-10-10,130.77,131.85,122.60,128.66,1851000,59.30
2005-10-03,134.00,137.40,127.16,130.97,1920000,60.24
2005-09-26,130.45,135.50,128.24,134.45,1526600,61.84
2005-09-19,134.20,134.94,124.61,128.87,2174900,59.28
2005-09-12,135.19,135.63,130.66,134.44,1461000,61.84
2005-09-06,128.89,136.00,128.89,135.31,1809600,62.24
2005-08-29,129.00,131.48,126.60,128.25,1754600,58.99
2005-08-22,131.65,133.10,128.31,129.33,1106800,59.49
2005-08-15,135.35,137.30,129.33,130.83,1625100,60.18
2005-08-08,134.30,136.57,132.16,135.95,1713500,62.53
2005-08-01,135.49,139.69,133.71,135.78,2275400,62.46
2005-07-25,119.35,137.86,118.40,136.51,3595600,62.79
2005-07-18,122.44,123.00,117.00,119.07,1781400,54.77
2005-07-11,124.00,124.48,120.12,122.21,1550200,56.21
2005-07-05,118.58,126.28,117.53,123.36,3386000,56.63
2005-06-27,115.93,120.00,115.42,118.37,1291700,54.34
2005-06-20,119.13,120.00,115.17,116.54,1448200,53.50
2005-06-13,113.47,120.83,112.60,119.64,1898200,54.92
2005-06-06,118.25,122.92,112.58,113.54,2300400,52.12
2005-05-31,119.17,122.33,117.44,117.50,1842900,53.94
2005-05-23,116.85,120.78,115.93,119.53,1591200,54.87
2005-05-16,108.55,116.85,107.39,116.85,1883100,53.64
2005-05-09,107.59,111.31,107.06,108.55,1688200,49.83
2005-05-02,99.56,109.99,98.33,108.34,3163200,49.73
2005-04-25,97.25,100.69,96.00,99.65,1694500,45.74
2005-04-18,97.89,99.18,96.01,97.25,1454300,44.64
2005-04-11,101.98,102.36,97.82,98.04,1371800,45.00
2005-04-04,100.08,104.46,99.28,102.08,1600900,46.74
2005-03-28,101.32,102.93,98.88,100.32,1362700,45.94
2005-03-21,101.24,102.72,98.73,101.34,1309300,46.40
2005-03-14,102.97,103.57,99.51,101.35,1610000,46.41
2005-03-07,104.28,106.78,101.52,102.87,1646700,47.10
2005-02-28,101.15,104.92,100.75,104.81,1549100,47.99
2005-02-22,102.01,102.76,99.09,101.28,2126700,46.38
2005-02-14,98.13,103.00,97.84,102.52,2124700,46.94
2005-02-07,91.86,99.14,89.80,98.73,3936300,45.21
2005-01-31,90.39,91.90,88.28,91.82,2350100,42.04
2005-01-24,92.21,93.17,89.25,90.40,2068000,41.39
2005-01-18,95.06,97.97,93.60,93.89,1857300,42.99
2005-01-10,92.54,95.62,92.49,94.89,1343000,43.45
2005-01-03,95.77,95.82,91.85,92.73,1620800,42.46
2004-12-27,96.92,96.95,94.54,95.35,811600,43.57
2004-12-20,93.00,97.48,91.59,96.13,1799200,43.93
2004-12-13,94.00,94.64,92.20,93.25,1145600,42.61
2004-12-06,90.21,94.94,89.31,93.70,1899400,42.82
2004-11-29,93.68,93.70,89.46,89.80,1484500,41.04
2004-11-22,90.90,94.28,90.53,93.03,989000,42.51
2004-11-15,94.11,95.78,90.79,91.38,1731800,41.76
2004-11-08,87.72,96.20,85.40,94.62,4439600,43.24
2004-11-01,81.27,89.33,80.76,87.31,2015000,39.90
2004-10-25,80.81,82.58,79.03,81.43,2299700,37.21
2004-10-18,83.01,85.14,81.97,82.09,1327400,37.51
2004-10-11,85.00,85.54,81.52,82.99,1326200,37.92
2004-10-04,86.98,88.35,84.63,84.87,1295200,38.78
2004-09-27,84.79,87.28,82.95,86.85,1236300,39.62
2004-09-20,86.05,86.54,82.86,84.73,1313100,38.65
2004-09-13,84.17,87.32,82.77,86.24,1875500,39.34
2004-09-07,81.75,84.19,80.46,84.06,1763100,38.35
2004-08-30,79.75,81.88,76.40,81.02,1328200,36.96
2004-08-23,79.34,80.45,78.50,79.69,1470400,36.35
2004-08-16,74.44,79.45,74.20,78.87,1736500,35.98
2004-08-09,74.20,76.85,73.21,74.02,2323400,33.77
2004-08-02,82.13,82.24,74.20,74.49,4328500,33.98
2004-07-26,88.65,88.98,78.54,82.32,5570600,37.55
2004-07-19,89.99,91.06,86.66,88.44,2020300,40.34
2004-07-12,91.55,92.25,88.63,89.63,2507100,40.89
2004-07-06,95.98,96.00,90.53,92.31,3025600,42.11
2004-06-28,93.41,96.74,92.62,95.53,2263200,43.51
2004-06-21,91.45,93.43,89.02,93.43,1797300,42.55
2004-06-14,85.92,91.00,85.63,91.00,1634400,41.45
2004-06-07,82.83,86.64,82.60,85.97,1966400,39.16
2004-06-01,85.50,87.09,84.38,84.55,1421400,38.51
2004-05-24,80.09,86.00,79.95,86.00,1889500,39.17
2004-05-17,77.31,79.76,76.35,79.76,1329000,36.33
2004-05-10,77.32,78.16,75.38,77.73,1623300,35.40
2004-05-03,79.90,80.40,77.57,77.57,1661200,35.33
2004-04-26,80.05,81.07,79.30,79.99,952900,36.43
2004-04-19,76.72,80.93,76.58,80.58,1663600,36.70
2004-04-12,74.51,77.21,73.50,76.90,1163600,35.02
2004-04-05,74.70,76.13,74.02,75.11,897400,34.21
2004-03-29,74.26,75.93,72.59,75.19,1986900,34.18
2004-03-22,76.49,77.18,74.42,74.50,1594000,33.86
2004-03-15,74.01,78.00,73.89,76.74,1368500,34.88
2004-03-08,77.80,78.26,73.34,73.98,1168100,33.63
2004-03-01,77.90,79.24,76.85,77.48,967800,35.22
2004-02-23,76.35,77.60,73.92,77.31,1522200,35.14
2004-02-17,75.14,78.28,74.69,76.56,1921600,34.80
2004-02-09,71.50,75.65,70.87,74.50,1787100,33.86
2004-02-02,67.50,72.74,66.42,71.75,1579000,32.61
2004-01-26,68.64,69.52,67.00,67.47,1112700,30.67
2004-01-20,68.99,69.15,67.47,68.75,1537200,31.25
2004-01-12,67.62,71.83,67.35,69.92,1358600,31.78
2004-01-05,66.15,68.71,65.92,67.60,1147000,30.73
2003-12-29,67.18,67.63,66.15,66.45,1109200,30.20
2003-12-22,65.90,67.15,65.85,66.85,789500,30.32
2003-12-15,64.53,66.23,63.50,65.73,1100400,29.81
2003-12-08,63.55,65.15,63.23,64.39,985000,29.20
2003-12-01,65.94,66.13,62.12,63.09,1277200,28.61
2003-11-24,64.29,65.87,64.21,65.69,1046200,29.79
2003-11-17,63.56,65.12,62.50,64.20,1502000,29.12
2003-11-10,59.91,65.40,57.88,63.70,4115000,28.89
2003-11-03,59.57,60.48,58.38,60.00,1042300,27.21
2003-10-27,59.58,61.45,59.05,59.19,1412600,26.84
2003-10-20,57.77,59.98,56.59,58.98,1352100,26.75
2003-10-13,59.89,60.28,57.78,57.95,921000,26.28
2003-10-06,57.28,59.83,56.00,59.71,1057800,27.08
2003-09-29,53.78,57.44,53.47,56.82,1659900,25.77
2003-09-22,54.13,54.95,53.00,53.41,1031600,24.22
2003-09-15,53.81,54.96,52.92,54.51,676700,24.72
2003-09-08,53.80,54.50,52.85,53.87,861000,24.43
2003-09-02,54.74,55.08,53.52,53.90,924200,24.45
2003-08-25,55.15,56.14,53.25,54.35,1326900,24.65
2003-08-18,54.09,56.24,53.60,55.33,1323200,25.09
2003-08-11,50.54,54.37,50.07,54.07,1255500,24.52
2003-08-04,49.96,51.60,49.29,50.40,1267900,22.86
2003-07-28,52.44,53.26,49.59,49.94,2349700,22.65
2003-07-21,50.20,54.76,50.00,52.54,2561900,23.83
2003-07-14,48.40,51.10,48.31,50.35,2139700,22.84
2003-07-07,46.57,48.21,45.90,47.88,2462800,21.72
2003-06-30,48.03,48.18,45.78,46.33,2505800,21.01
2003-06-23,47.95,49.02,46.96,47.99,1451800,21.76
2003-06-16,49.56,49.65,46.54,47.94,2446400,21.74
2003-06-09,49.69,51.30,47.44,49.44,2369000,22.42
2003-06-02,54.85,55.41,50.15,50.19,2970200,22.76
2003-05-27,52.85,54.74,52.06,54.64,1335700,24.78
2003-05-19,52.51,53.12,51.55,52.60,2102700,23.86
2003-05-12,54.21,54.56,51.90,53.28,2903800,24.16
2003-05-05,61.46,62.24,51.90,54.23,7254200,24.59
2003-04-28,56.12,61.53,56.08,61.33,1990100,27.82
2003-04-21,58.00,58.10,55.99,56.05,1158000,25.42
2003-04-14,56.60,59.10,56.52,57.94,1666700,26.28
2003-04-07,57.50,57.86,55.53,56.49,1145700,25.62
2003-03-31,55.50,58.18,54.99,56.63,1961100,25.68
2003-03-24,57.09,58.17,55.74,55.80,2216000,25.31
2003-03-17,52.89,58.00,52.62,57.85,2320600,26.24
2003-03-10,51.05,54.00,50.57,53.09,1678200,24.08
2003-03-03,51.19,51.60,49.26,50.88,1383800,23.08
2003-02-24,52.09,52.16,50.65,51.07,1514700,23.16
2003-02-18,50.21,52.00,50.02,51.97,1810500,23.57
2003-02-10,45.01,50.35,44.77,50.24,2951000,22.79
2003-02-03,50.50,50.55,44.78,45.01,3153000,20.41
2003-01-27,48.26,51.23,47.95,50.82,1540000,23.05
2003-01-21,50.32,50.70,47.67,48.38,1454500,21.94
2003-01-13,51.00,51.00,48.82,50.12,1251700,22.73
2003-01-06,53.65,54.09,49.94,50.86,2669400,23.07
2002-12-30,52.84,54.10,52.57,53.88,1364500,24.44
2002-12-23,53.22,54.28,52.88,52.90,1291000,23.99
2002-12-16,53.25,54.59,52.26,53.19,2997400,24.12
2002-12-09,53.29,53.62,52.16,53.22,1083100,24.14
2002-12-02,53.20,53.68,51.50,53.29,1252900,24.17
2002-11-25,52.22,53.90,49.76,53.15,1773800,24.11
2002-11-18,47.16,53.31,46.05,52.48,2713000,23.80
2002-11-11,47.80,48.00,45.28,47.14,1263100,21.38
2002-11-04,47.40,49.12,46.01,47.94,1560800,21.74
2002-10-28,47.89,48.35,45.26,47.37,894000,21.48
2002-10-21,46.28,49.25,45.28,47.74,1145200,21.65
2002-10-14,43.73,47.72,43.50,46.73,1020300,21.19
2002-10-07,43.59,45.05,40.51,43.87,1410800,19.90
2002-09-30,42.89,44.95,41.54,43.86,1291200,19.89
2002-09-23,43.43,44.96,42.10,42.97,1361800,19.49
2002-09-16,46.80,48.00,42.79,43.88,1036600,19.90
2002-09-09,45.02,47.36,44.58,47.00,790400,21.32
2002-09-03,44.65,45.41,43.50,44.95,892300,20.39
2002-08-26,45.50,46.85,42.87,44.66,1003200,20.25
2002-08-19,47.50,49.60,45.48,45.56,1456400,20.66
2002-08-12,44.40,48.98,43.80,47.67,1517100,21.62
2002-08-05,40.80,45.08,37.35,44.80,2345300,20.32
2002-07-29,42.50,44.47,40.11,40.71,1491600,18.46
2002-07-22,37.79,42.45,35.47,42.37,1946000,19.22
2002-07-15,43.89,43.99,37.24,38.29,1752400,17.37
2002-07-08,47.32,47.60,42.62,43.89,1020900,19.91
2002-07-01,47.95,48.00,45.60,47.71,787100,21.64
2002-06-24,44.40,48.79,41.41,48.22,1446300,21.87
2002-06-17,47.31,48.00,44.05,44.96,1088600,20.39
2002-06-10,49.03,49.50,46.51,47.05,1214000,21.34
2002-06-03,50.90,51.15,47.65,48.93,1113000,22.19
2002-05-28,50.10,51.17,48.05,51.17,1195700,23.21
2002-05-20,50.51,50.83,49.35,49.99,786400,22.67
2002-05-13,48.30,50.75,47.11,50.55,3575600,22.93
2002-05-06,48.00,50.00,47.25,47.91,1477300,21.73
2002-04-29,46.90,48.75,46.65,47.75,1131800,21.66
2002-04-22,46.05,47.45,45.50,46.81,1158500,21.23
2002-04-15,45.80,47.30,45.79,46.03,962000,20.88
2002-04-08,44.71,46.68,44.45,45.66,966200,20.71
2002-04-01,45.83,46.16,44.00,44.80,648800,20.32
2002-03-25,46.55,47.25,45.69,45.69,1002300,20.72
2002-03-18,44.50,47.50,44.38,46.84,1030400,21.24
2002-03-11,43.74,44.73,43.00,44.55,674100,20.20
2002-03-04,44.85,46.39,43.44,43.58,1042200,19.76
2002-02-25,42.80,44.95,42.75,44.77,974900,20.30
2002-02-19,41.65,42.90,40.70,42.82,873300,19.42
2002-02-11,40.65,41.87,37.50,41.68,2812200,18.90
2002-02-04,43.20,43.20,40.17,40.93,648000,18.56
2002-01-28,41.40,43.82,41.09,43.17,838200,19.58
2002-01-22,40.99,42.78,40.19,41.56,700000,18.85
2002-01-14,42.06,42.06,39.39,40.96,1281500,18.58
2002-01-07,42.80,43.30,41.75,41.95,748600,19.03
2001-12-31,44.00,44.05,42.55,42.80,1128400,19.41
2001-12-24,42.59,44.48,42.51,44.01,744600,19.96
2001-12-17,41.35,43.09,41.26,42.87,1201500,19.44
2001-12-10,45.10,45.11,40.90,41.45,1636600,18.80
2001-12-03,42.65,46.50,42.21,45.84,1865900,20.79
2001-11-26,43.07,43.61,41.29,42.91,1897100,19.46
2001-11-19,39.81,43.14,39.81,42.99,2208500,19.50
2001-11-12,37.81,41.14,36.00,39.80,2781800,18.05
2001-11-05,35.51,38.50,34.96,37.60,1111000,17.05
2001-10-29,36.30,36.90,34.05,35.77,861000,16.22
2001-10-22,34.74,36.70,33.95,36.31,1254300,16.47
2001-10-15,32.89,34.86,32.30,34.28,1195400,15.55
2001-10-08,32.15,34.00,32.01,32.85,904500,14.90
2001-10-01,31.00,33.29,29.64,32.43,1414400,14.71
2001-09-24,30.81,31.50,29.14,31.41,1842400,14.25
2001-09-10,34.37,34.80,29.64,30.62,2190500,13.89
2001-09-04,35.44,35.49,33.72,34.70,1226000,15.74
2001-08-27,33.07,35.87,32.82,35.19,1376500,15.96
2001-08-20,32.99,34.49,32.20,33.23,873000,15.07
2001-08-13,33.20,33.88,32.60,33.14,802300,15.03
2001-08-06,32.39,33.70,31.41,33.31,996300,15.11
2001-07-30,31.87,35.13,31.55,32.40,3184000,14.69
2001-07-23,26.40,32.17,26.38,31.95,2499400,14.49
2001-07-16,27.06,28.02,25.50,26.48,766200,12.01
2001-07-09,27.94,28.65,26.76,26.95,900100,12.22
2001-07-02,26.74,28.40,26.65,27.46,932400,12.45
2001-06-25,26.70,28.35,26.00,27.10,1053200,12.29
2001-06-18,27.65,28.30,26.50,26.70,867300,12.11
2001-06-11,27.89,28.35,27.04,27.75,645200,12.59
2001-06-04,57.10,57.17,27.31,27.62,1010800,12.53
2001-05-29,56.50,57.55,55.58,57.16,1821300,12.96
2001-05-21,58.00,58.83,55.50,56.30,2042900,12.77
2001-05-14,50.95,58.22,50.51,58.05,2796400,13.16
2001-05-07,49.20,54.30,46.28,50.98,2327200,11.56
2001-04-30,46.85,51.10,46.77,49.05,1258300,11.12
2001-04-23,43.00,47.04,42.35,46.96,1291600,10.65
2001-04-16,41.10,45.00,40.70,43.15,2354800,9.78
2001-04-09,40.75,43.06,39.97,41.10,1572700,9.32
2001-04-02,42.38,43.00,38.94,40.56,2582700,9.20
2001-03-26,45.38,46.31,40.00,42.13,2400000,9.55
2001-03-19,45.13,47.56,42.88,44.81,1802900,10.16
2001-03-12,43.73,46.19,43.06,44.94,1971300,10.19
2001-03-05,43.13,44.69,42.00,43.39,1896800,9.84
2001-02-26,47.06,47.63,42.00,43.44,3881900,9.85
2001-02-20,48.30,49.00,46.00,47.13,2865100,10.69
2001-02-12,55.50,58.00,46.81,48.31,3928400,10.96
2001-02-05,57.13,59.63,55.25,55.63,972800,12.61
2001-01-29,53.75,58.00,53.50,57.13,772400,12.96
2001-01-22,50.75,55.50,50.63,53.50,1164800,12.13
2001-01-16,53.00,53.25,50.06,50.81,1105400,11.52
2001-01-08,51.38,54.50,51.38,52.50,1073000,11.91
2001-01-02,61.00,61.38,51.31,51.31,2487600,11.64
2000-12-26,59.75,63.75,59.63,61.13,1249500,13.86
2000-12-18,58.94,63.50,56.63,59.88,2415200,13.58
2000-12-11,58.00,59.88,57.56,59.50,1485800,13.49
2000-12-04,58.88,59.94,55.06,57.44,1855400,13.03
2000-11-27,57.25,59.94,55.38,59.00,3194400,13.38
2000-11-20,50.63,57.75,48.75,57.69,2751200,13.08
2000-11-13,46.50,52.06,46.44,50.81,1320900,11.52
2000-11-06,48.38,49.38,45.88,46.88,902000,10.63
2000-10-30,46.00,49.63,44.88,48.88,1984200,11.08
2000-10-23,54.63,55.50,44.25,46.44,5598900,10.53
2000-10-16,53.23,56.38,51.94,54.38,1908000,12.33
2000-10-09,52.00,54.69,50.13,53.06,2328500,12.03
2000-10-02,53.25,55.38,52.06,52.13,838400,11.82
2000-09-25,52.28,55.13,52.00,53.69,1474200,12.18
2000-09-18,49.50,53.56,48.13,51.88,1164800,11.76
2000-09-11,51.25,52.38,48.19,50.13,1120400,11.37
2000-09-05,51.84,60.00,50.19,51.50,5011900,11.68
2000-08-28,48.00,52.13,48.00,51.69,1312100,11.72
2000-08-21,46.03,49.44,45.25,48.38,1587000,10.97
2000-08-14,44.88,47.63,43.88,45.69,1123000,10.36
2000-08-07,46.25,47.06,43.19,44.88,1012900,10.18
2000-07-31,45.63,46.75,41.88,45.94,1577700,10.42
2000-07-24,45.00,47.44,44.50,45.75,1039700,10.37
2000-07-17,45.00,47.50,44.38,45.94,740800,10.42
2000-07-10,46.88,48.75,44.88,45.25,1836600,10.26
2000-07-03,41.31,47.00,40.38,46.81,1596300,10.61
2000-06-26,40.88,44.56,39.50,41.31,2191200,9.37
2000-06-19,36.75,42.31,34.61,40.50,4218800,9.18
2000-06-12,37.22,39.56,36.13,36.69,2566200,8.32
2000-06-05,36.94,39.00,35.38,37.25,1926300,8.45
2000-05-30,38.19,38.19,34.38,36.81,3500000,8.35
2000-05-22,38.44,40.13,35.69,37.50,2375400,8.50
2000-05-15,39.50,40.69,38.13,38.50,1810300,8.73
2000-05-08,42.75,46.00,38.94,39.81,3879300,9.03
2000-05-01,44.00,47.00,38.63,43.00,2422000,9.75
2000-04-24,43.00,45.50,41.63,42.56,1558800,9.65
2000-04-17,45.25,45.75,41.00,43.44,2538600,9.85
2000-04-10,45.00,55.63,40.53,45.19,5572600,10.25
2000-04-03,41.88,46.31,39.38,45.00,1283200,10.20
2000-03-27,43.25,46.94,41.00,41.44,2221700,9.40
2000-03-20,43.75,44.75,41.00,42.81,1379200,9.71
2000-03-13,40.00,45.75,39.38,44.00,2852800,9.98
2000-03-06,37.75,40.75,37.25,40.31,1581600,9.14
2000-02-28,37.75,39.88,36.88,38.03,1261600,8.62
2000-02-22,37.44,40.94,36.88,37.88,2515000,8.59
2000-02-14,42.50,42.88,36.25,37.13,1525200,8.42
2000-02-07,45.75,45.88,40.63,42.25,1111200,9.58
2000-01-31,44.06,47.19,43.88,45.75,729100,10.37
2000-01-24,44.81,45.00,41.88,44.31,1099900,10.05
2000-01-18,45.63,48.00,44.19,44.88,1210200,10.18
2000-01-10,43.25,46.94,42.50,45.06,580000,10.22
2000-01-03,46.38,47.00,41.50,43.44,789400,9.85
1999-12-27,46.25,48.00,44.38,46.38,924800,10.52
1999-12-20,42.97,46.75,42.25,46.44,1032600,10.53
1999-12-13,44.63,46.25,39.75,42.94,984600,9.74
1999-12-06,39.38,45.13,39.38,44.63,1494200,10.12
1999-11-29,41.25,41.75,37.63,39.19,1454700,8.89
1999-11-22,36.63,43.06,36.38,41.25,1483100,9.35
1999-11-15,33.00,37.56,32.75,36.44,1772000,8.26
1999-11-08,34.69,34.69,31.87,33.63,1277500,7.63
1999-11-01,33.94,34.63,33.63,34.50,1746200,7.82
1999-10-25,32.25,35.06,31.12,34.00,2769500,7.71
1999-10-18,31.69,32.38,30.62,32.31,1082500,7.33
1999-10-11,33.88,34.25,30.25,32.19,1430800,7.30
1999-10-04,32.63,35.00,31.00,33.88,2324100,7.68
1999-09-27,33.13,35.75,31.62,32.38,2570000,7.34
1999-09-20,37.63,37.75,32.38,33.09,3208400,7.50
1999-09-13,34.75,39.13,34.25,37.69,1385800,8.55
1999-09-07,35.75,36.13,32.50,34.81,1752900,7.89
1999-08-30,36.31,38.25,35.00,35.69,1134500,8.09
1999-08-23,39.00,40.50,35.75,36.00,1005500,8.16
1999-08-16,39.31,40.00,36.25,38.47,1261000,8.72
1999-08-09,42.03,43.88,38.44,39.13,1042000,8.87
1999-08-02,44.19,44.75,41.94,42.25,1134200,9.58
1999-07-26,44.38,45.00,43.19,44.00,618900,9.98
1999-07-19,47.75,48.00,42.50,44.13,658400,10.01
1999-07-12,47.13,47.50,45.31,47.38,650100,10.74
1999-07-06,46.88,47.38,46.44,46.94,572200,10.64
1999-06-28,44.63,48.75,44.56,46.91,1247100,10.64
1999-06-21,43.63,44.81,43.19,44.56,792400,10.10
1999-06-14,42.00,45.75,40.50,43.63,958400,9.89
1999-06-07,42.75,43.75,41.25,42.13,714900,9.55
1999-06-01,41.13,44.19,41.13,42.81,936700,9.71
1999-05-24,43.63,43.75,40.13,41.50,618700,9.41
1999-05-17,43.50,44.00,42.25,43.63,613000,9.89
1999-05-10,43.13,45.38,41.00,44.50,1174400,10.09
1999-05-03,38.75,44.75,37.50,42.63,2162200,9.67
1999-04-26,38.88,40.50,38.25,39.00,962100,8.84
1999-04-19,39.88,42.63,38.13,38.50,1505600,8.73
1999-04-12,37.00,42.13,36.75,40.38,1665800,9.16
1999-04-05,37.06,42.75,36.88,37.47,3748400,8.50
1999-03-29,30.25,37.56,30.25,36.88,3398800,8.36
1999-03-22,32.00,32.31,29.12,30.12,2068600,6.83
1999-03-15,30.19,33.25,28.25,32.06,3859000,7.27
1999-03-08,30.94,31.62,29.75,30.06,1555200,6.82
1999-03-01,31.00,31.31,28.75,30.75,2478000,6.97
1999-02-22,33.50,34.00,30.37,30.87,2011900,7.00
1999-02-16,32.38,34.38,31.75,31.87,1827200,7.23
1999-02-08,31.25,32.88,31.19,31.75,1677100,7.20
1999-02-01,32.19,32.25,30.12,31.12,2299300,7.06
1999-01-25,33.19,33.94,31.12,32.06,3007200,7.27
1999-01-19,35.56,35.88,31.87,32.06,4092900,7.27
1999-01-11,45.50,46.00,33.88,34.88,8508000,7.91
1999-01-04,49.00,49.63,44.00,45.38,3600000,10.29
1998-12-28,49.44,50.00,47.25,48.38,897600,10.97
1998-12-21,46.63,50.75,44.88,49.44,1946600,11.21
1998-12-14,46.00,48.00,44.94,46.00,1556700,10.43
1998-12-07,47.75,49.38,45.00,46.63,1823600,10.57
1998-11-30,48.38,48.88,43.00,48.00,1880400,10.88
1998-11-23,46.50,50.25,46.31,48.56,1846100,11.01
1998-11-16,42.44,47.38,40.75,46.31,2953900,10.50
1998-11-09,40.00,43.38,32.00,41.38,14295200,9.38
1998-11-02,40.63,45.06,38.75,40.13,6385200,9.10
1998-10-26,40.63,41.63,38.31,40.06,3463000,9.08
1998-10-19,35.81,43.44,34.38,39.88,2826300,9.04
1998-10-12,35.75,41.00,35.25,35.44,2666900,8.04
1998-10-05,41.00,41.38,32.56,35.63,2299700,8.08
1998-09-28,43.50,44.38,40.38,40.88,1048400,9.27
1998-09-21,40.25,44.13,39.44,43.63,1658700,9.89
1998-09-14,40.75,44.25,40.13,40.88,1725100,9.27
1998-09-08,41.44,42.38,38.00,40.75,2005900,9.24
1998-08-31,43.00,43.94,40.13,40.75,2520100,9.24
1998-08-24,46.75,48.38,41.88,43.13,2067100,9.78
1998-08-17,45.13,49.75,45.00,47.06,2853500,10.67
1998-08-10,43.25,46.50,42.13,44.94,3598500,10.19
1998-08-03,54.25,55.00,35.50,42.50,8544800,9.64
1998-07-27,58.25,58.25,52.56,54.25,1164400,12.30
1998-07-20,63.13,64.12,57.63,58.13,1226000,13.18
1998-07-13,60.75,66.50,60.75,62.88,2054500,14.26
1998-07-06,59.50,62.38,59.25,61.00,567100,13.83
1998-06-29,59.50,61.75,58.38,59.25,1072200,13.44
1998-06-22,59.25,60.88,59.25,59.50,676400,13.49
1998-06-15,58.88,60.25,57.38,59.38,907900,13.47
1998-06-08,54.00,59.63,53.63,59.63,2393400,13.52
1998-06-01,55.00,55.38,53.00,54.00,890800,12.25
1998-05-26,57.75,58.13,53.50,55.00,1262300,12.47
1998-05-18,57.88,58.38,57.13,57.31,652000,13.00
1998-05-11,59.00,60.75,57.50,57.81,1701400,13.11
1998-05-04,60.75,61.75,57.25,58.13,1041000,13.18
1998-04-27,58.38,63.50,55.63,61.13,2161200,13.86
1998-04-20,63.88,67.50,57.75,60.13,1687500,13.64
1998-04-13,66.62,66.62,62.63,64.12,986400,14.54
1998-04-06,66.00,67.75,65.25,66.62,1372300,15.11
1998-03-30,69.87,70.12,65.62,65.62,1346800,14.88
1998-03-23,67.25,69.25,65.12,69.00,1372500,15.65
1998-03-16,61.38,67.75,60.50,67.12,1956200,15.22
1998-03-09,60.38,61.69,58.63,61.38,899900,13.92
1998-03-02,61.50,63.38,59.88,60.00,1582200,13.61
1998-02-23,60.25,61.88,56.00,61.19,3050400,13.88
1998-02-17,62.25,62.38,58.50,60.03,2069400,13.61
1998-02-09,53.25,63.00,52.50,62.13,2462500,14.09
1998-02-02,51.25,54.75,50.38,52.50,1258400,11.91
1998-01-26,49.00,52.50,48.00,50.25,1020400,11.39
1998-01-20,49.75,50.00,47.38,48.13,1010900,10.91
1998-01-12,45.50,49.88,44.50,49.63,1213300,11.25
1998-01-05,49.88,49.88,44.88,46.38,1270300,10.52
1997-12-29,47.25,51.38,47.00,49.13,1420100,11.14
1997-12-22,46.13,48.00,45.63,47.13,501200,10.69
1997-12-15,44.88,49.13,42.50,45.50,1592100,10.32
1997-12-08,49.00,49.50,44.00,44.88,1291900,10.18
1997-12-01,46.13,49.50,46.13,48.56,1510200,11.01
1997-11-24,44.50,46.38,44.25,45.88,973100,10.40
1997-11-17,46.19,48.13,44.88,45.00,1770800,10.20
1997-11-10,44.25,47.25,42.25,46.19,3186600,10.47
1997-11-03,39.75,44.75,39.50,43.75,2116000,9.92
1997-10-27,39.50,40.00,34.63,39.25,1199200,8.90
1997-10-20,42.63,42.88,39.50,39.75,1587800,9.01
1997-10-13,39.50,43.88,39.50,42.75,1451300,9.69
1997-10-06,39.13,40.25,38.63,39.75,838400,9.01
1997-09-29,34.88,40.13,34.88,39.00,1922100,8.84
1997-09-22,35.00,35.25,34.63,34.88,745600,7.91
1997-09-15,34.63,35.88,34.38,35.00,1058100,7.94
1997-09-08,34.63,34.88,33.88,34.50,1863600,7.82
1997-09-02,33.88,34.63,33.88,34.56,664600,7.84
1997-08-25,34.02,34.38,33.50,34.00,501200,7.71
1997-08-18,33.50,34.81,33.00,34.00,609700,7.71
1997-08-11,33.00,35.38,32.75,33.50,702400,7.60
1997-08-04,34.50,35.75,32.63,33.00,1125200,7.48
1997-07-28,33.25,35.75,32.75,34.50,1096300,7.82
1997-07-21,35.00,36.00,32.75,33.25,641100,7.54
1997-07-14,32.50,36.63,32.38,35.13,1125100,7.97
1997-07-07,32.88,33.38,32.38,32.75,630400,7.43
1997-06-30,29.87,33.13,29.50,32.69,1542100,7.41
1997-06-23,29.37,30.25,28.62,30.00,701900,6.80
1997-06-16,29.87,30.12,28.25,29.75,782600,6.75
1997-06-09,31.75,32.13,29.37,30.00,3057900,6.80
1997-06-02,31.50,33.75,31.12,31.69,1265100,7.19
1997-05-27,30.87,31.50,29.75,31.37,506700,7.11
1997-05-19,28.87,31.00,27.87,31.00,801300,7.03
1997-05-12,25.50,30.00,25.12,28.87,2802100,6.55
1997-05-05,23.62,26.37,23.25,25.37,638400,5.75
1997-04-28,20.75,23.87,20.62,23.62,890800,5.36
1997-04-21,22.00,22.50,20.50,20.62,379900,4.68
1997-04-14,21.75,23.00,21.52,21.75,224800,4.93
1997-04-07,20.62,23.37,20.37,21.75,482500,4.93
1997-03-31,20.87,21.00,19.25,20.50,397000,4.65
1997-03-24,22.25,22.50,20.87,21.00,209600,4.76
1997-03-17,22.87,23.12,21.87,22.12,431200,5.02
1997-03-10,22.12,23.00,20.87,22.75,558500,5.16
1997-03-03,21.87,22.62,21.50,22.00,461400,4.99
1997-02-24,22.62,23.00,21.62,22.00,514600,4.99
1997-02-18,20.25,24.50,19.50,22.25,3016700,5.05
1997-02-10,18.00,21.00,17.50,20.25,794500,4.59
1997-02-03,18.25,18.50,17.50,17.87,1039200,4.05
1997-01-27,18.37,18.62,17.75,18.12,882500,4.11
1997-01-20,18.87,19.00,17.75,18.12,1513400,4.11
1997-01-13,22.12,22.12,17.50,18.75,3928800,4.25
1997-01-06,23.75,23.75,21.75,22.12,1009100,5.02
1996-12-30,22.62,24.25,21.62,23.50,1477000,5.33
1996-12-23,24.25,24.25,21.12,22.50,1269600,5.10
1996-12-16,22.12,25.37,22.00,24.00,1818500,5.44
1996-12-09,23.75,24.75,21.37,21.87,848000,4.96
1996-12-02,22.62,25.12,22.25,23.37,923200,5.30
1996-11-25,24.25,24.37,22.12,22.62,461600,5.13
1996-11-18,24.12,24.87,20.87,24.25,1761100,5.50
1996-11-11,25.00,25.25,23.87,24.00,494500,5.44
1996-11-04,27.12,27.12,24.87,25.00,1042500,5.67
1996-10-28,24.00,27.12,23.75,27.12,871800,6.15
1996-10-21,25.12,25.12,23.62,23.87,1140000,5.41
1996-10-14,25.25,27.75,24.75,25.00,880400,5.67
1996-10-07,25.37,26.37,24.62,25.25,757300,5.73
1996-09-30,27.25,27.25,24.75,25.25,1229400,5.73
1996-09-23,26.25,28.50,23.62,27.25,3921600,6.18
1996-09-16,35.50,35.63,25.12,26.25,2291000,5.95
1996-09-09,34.75,37.13,33.88,35.63,894900,8.08
1996-09-03,33.13,35.50,32.50,34.75,1310200,7.88
1996-08-26,34.88,36.13,32.63,33.50,1210100,7.60
1996-08-19,33.75,35.13,31.50,34.81,1106200,7.89
1996-08-12,33.50,36.00,32.88,33.75,1603800,7.65
1996-08-05,34.13,34.38,32.13,33.75,1216500,7.65
1996-07-29,28.87,35.25,27.75,34.13,2679100,7.74
1996-07-22,25.37,29.12,24.62,28.75,1312100,6.52
1996-07-15,26.25,26.25,24.00,25.37,705700,5.75
1996-07-08,24.87,26.25,24.25,26.00,870400,5.90
1996-07-01,26.50,26.75,24.87,25.00,519400,5.67
1996-06-24,26.62,27.37,26.25,26.50,548200,6.01
1996-06-17,27.25,28.62,26.50,26.50,1235600,6.01
1996-06-10,26.25,28.25,26.00,27.50,961300,6.24
1996-06-03,24.50,27.87,24.50,26.00,1260500,5.90
1996-05-28,25.00,25.25,24.00,24.62,556800,5.58
1996-05-20,25.50,26.25,25.00,25.00,409000,5.67
1996-05-13,25.75,26.62,25.50,25.62,1322800,5.81
1996-05-06,20.00,26.25,19.75,26.00,2393300,5.90
1996-04-29,20.12,21.00,19.62,19.75,303000,4.48
1996-04-22,19.50,20.37,19.50,20.12,462600,4.56
1996-04-15,19.87,20.00,19.12,19.62,275500,4.45
1996-04-08,18.00,20.12,17.75,20.00,764000,4.54
1996-04-01,18.25,18.50,17.87,18.25,310400,4.14
1996-03-25,17.87,18.25,16.87,18.25,488400,4.14
1996-03-18,18.00,18.75,17.50,17.87,367900,4.05
1996-03-11,17.25,18.50,16.87,18.12,589300,4.11
1996-03-04,16.37,18.25,16.25,17.00,727700,3.86
1996-02-26,15.63,16.87,15.63,16.37,952800,3.71
1996-02-20,16.00,16.00,15.63,15.88,226700,3.60
1996-02-12,15.00,16.12,14.75,16.00,671000,3.63
1996-02-05,13.88,15.25,13.63,14.88,546800,3.37
1996-01-29,14.63,14.88,13.50,13.75,267300,3.12
1996-01-22,14.63,15.13,14.38,14.88,370000,3.37
1996-01-15,14.13,14.88,14.00,14.88,230500,3.37
1996-01-08,14.88,15.13,14.13,14.25,283800,3.23
1996-01-02,14.00,15.00,13.75,15.00,345600,3.40
1995-12-26,14.25,14.38,13.50,13.88,323800,3.15
1995-12-18,12.88,14.38,12.13,14.25,286300,3.23
1995-12-11,12.63,13.38,12.38,12.75,173400,2.89
1995-12-04,13.88,14.00,12.38,12.75,325100,2.89
1995-11-27,14.63,14.63,13.88,13.88,214700,3.15
1995-11-20,14.38,14.88,14.25,14.50,432400,3.29
1995-11-13,14.63,14.88,14.00,14.38,455700,3.26
1995-11-06,12.50,15.38,12.50,14.63,743100,3.32
1995-10-30,11.63,12.88,11.63,12.63,247200,2.86
1995-10-23,12.00,12.00,10.88,11.50,435600,2.61
1995-10-16,12.00,12.25,11.75,11.81,216600,2.68
1995-10-09,12.75,12.75,11.75,12.13,305100,2.75
1995-10-02,13.13,13.25,12.25,12.63,306200,2.86
1995-09-25,12.25,13.13,12.00,13.13,157600,2.98
1995-09-18,12.50,12.63,12.00,12.00,123600,2.72
1995-09-11,13.38,13.50,12.31,12.50,205000,2.83
1995-09-05,12.13,13.63,12.13,13.38,252200,3.03
1995-08-28,12.38,12.50,11.88,12.25,116200,2.78
1995-08-21,12.63,12.63,12.13,12.25,221300,2.78
1995-08-14,12.38,12.75,11.88,12.63,363900,2.86
1995-08-07,12.50,13.00,12.38,12.50,371600,2.83
1995-07-31,14.88,15.75,12.00,12.50,1196400,2.83
1995-07-24,14.50,14.88,13.50,14.88,301200,3.37
1995-07-17,14.00,15.50,14.00,14.63,229600,3.32
1995-07-10,15.13,15.25,14.00,14.25,184600,3.23
1995-07-03,15.38,15.63,15.13,15.25,125400,3.46
1995-06-26,16.00,16.12,15.00,15.25,647100,3.46
1995-06-19,15.88,16.25,15.75,15.75,511300,3.57
1995-06-12,14.88,16.12,14.75,15.88,1292800,3.60
1995-06-05,14.25,15.13,14.25,15.13,319700,3.43
1995-05-30,13.88,14.38,13.88,14.38,598200,3.26
1995-05-22,13.38,14.13,13.25,13.88,340400,3.15
1995-05-15,14.63,14.88,13.13,13.13,860100,2.98
1995-05-08,12.13,15.13,12.00,14.56,2544600,3.30
1995-05-01,11.88,12.13,11.63,12.00,360900,2.72
1995-04-24,11.75,12.13,11.63,11.88,306100,2.69
1995-04-17,11.63,12.00,11.38,11.75,219300,2.66
1995-04-10,11.38,11.88,11.25,11.75,750400,2.66
1995-04-03,11.63,11.63,10.88,11.13,211000,2.52
1995-03-27,11.88,11.88,11.25,11.63,164400,2.64
1995-03-20,12.13,12.25,11.50,11.63,216000,2.64
1995-03-13,12.75,13.00,11.88,12.13,244000,2.75
1995-03-06,12.00,13.00,11.63,13.00,492000,2.95
1995-02-27,14.00,14.00,11.88,11.88,426700,2.69
1995-02-21,13.75,14.38,13.50,13.81,690800,3.13
1995-02-13,12.38,13.75,12.00,13.75,1006700,3.12
1995-02-06,12.50,12.63,12.00,12.38,269000,2.81
1995-01-30,11.50,12.38,11.25,12.38,290500,2.81
1995-01-23,10.88,11.75,10.63,11.50,439200,2.61
1995-01-16,10.63,11.75,10.63,11.00,266400,2.49
1995-01-09,11.50,11.75,10.38,10.88,650400,2.47
1995-01-03,10.38,11.50,10.13,11.38,394100,2.58
1994-12-27,10.25,10.50,9.50,10.25,1383700,2.32
1994-12-19,11.75,13.25,9.75,10.38,1963800,2.35
1994-12-12,12.75,13.25,11.75,11.75,623100,2.66
1994-12-05,14.50,14.50,12.75,13.25,456600,3.00
1994-11-28,15.50,15.50,14.25,14.31,284000,3.25
1994-11-21,16.00,16.50,14.75,15.06,992000,3.42
1994-11-14,15.75,16.00,15.19,15.63,818300,3.54
1994-11-07,15.75,16.75,15.50,15.63,1174400,3.54
1994-10-31,14.75,15.75,14.75,15.75,290800,3.57
1994-10-24,16.50,16.50,14.75,14.75,633800,3.34
1994-10-17,15.25,16.75,15.00,16.25,585300,3.68
1994-10-10,14.50,15.75,14.50,15.50,523300,3.51
1994-10-03,15.00,15.25,14.25,14.75,375200,3.34
1994-09-26,13.25,15.25,13.25,15.00,1126800,3.40
1994-09-19,14.00,14.50,13.50,13.63,295300,3.09
1994-09-12,14.75,15.25,14.00,14.25,470100,3.23
1994-09-06,14.50,15.13,14.25,14.25,627400,3.23
1994-08-29,14.75,15.00,14.25,14.75,299300,3.34
1994-08-22,15.25,15.50,14.00,14.75,326400,3.34
1994-08-15,14.75,16.00,14.50,15.25,393600,3.46
1994-08-08,15.25,15.50,14.25,14.75,587400,3.34
1994-08-01,18.00,18.50,14.75,15.00,902600,3.40
1994-07-25,18.00,18.50,17.00,18.50,245600,4.20
1994-07-18,17.00,19.25,16.50,17.75,571000,4.03
1994-07-11,15.75,17.00,15.50,16.87,683100,3.83
1994-07-05,15.25,15.75,14.25,15.75,847000,3.57
1994-06-27,15.50,16.50,14.75,15.00,291000,3.40
1994-06-20,15.75,16.75,14.75,15.88,660400,3.60
1994-06-13,16.25,16.50,15.75,15.75,202100,3.57
1994-06-06,17.00,17.25,14.75,16.25,1167200,3.68
1994-05-31,15.75,17.00,15.00,16.75,317700,3.80
1994-05-23,16.50,17.00,15.00,15.50,593200,3.51
1994-05-16,15.25,17.50,14.25,16.50,1038000,3.74
1994-05-09,15.75,17.50,14.50,14.88,764800,3.37
1994-05-02,18.00,18.00,14.50,15.75,1166000,3.57
1994-04-25,18.75,18.75,16.50,17.25,634300,3.91
1994-04-18,18.25,18.75,17.75,18.75,241100,4.25
1994-04-11,19.00,19.50,18.00,18.25,262400,4.14
1994-04-04,18.00,20.25,17.00,19.50,692300,4.42
1994-03-28,19.75,20.00,16.75,18.75,1326800,4.25
1994-03-21,20.75,22.00,19.50,19.87,582800,4.51
1994-03-14,18.50,20.75,18.00,20.50,590900,4.65
1994-03-07,19.50,19.75,18.00,18.50,847800,4.20
1994-02-28,19.50,19.50,16.75,19.25,2484600,4.37
1994-02-22,19.75,20.75,19.00,19.50,689000,4.42
1994-02-14,20.75,21.00,19.25,19.75,839200,4.48
1994-02-07,20.75,22.50,19.25,20.12,900800,4.56
1994-01-31,23.50,24.75,21.50,21.50,601500,4.88
1994-01-24,25.00,25.00,22.50,23.00,590600,5.22
1994-01-17,24.50,25.75,21.75,24.62,785600,5.58
1994-01-10,24.50,25.50,24.00,25.00,576000,5.67
1994-01-03,22.50,24.75,22.00,24.50,712900,5.56
1993-12-27,22.25,22.50,21.25,22.50,171100,5.10
1993-12-20,20.75,22.50,20.25,21.50,696500,4.88
1993-12-13,20.50,20.50,19.75,20.25,546500,4.59
1993-12-06,20.25,22.50,19.75,20.25,1930300,4.59
1993-11-29,40.00,41.25,19.75,20.25,469100,4.59
1993-11-22,38.00,40.75,37.75,40.75,197800,4.62
1993-11-15,40.25,40.25,38.25,38.75,287300,4.39
1993-11-08,38.25,40.75,38.00,39.75,485700,4.51
1993-11-01,41.25,41.25,37.75,38.25,358500,4.34
1993-10-25,41.50,42.00,40.50,41.50,84800,4.71
1993-10-18,45.00,45.00,40.50,41.00,247600,4.65
1993-10-11,43.00,46.00,43.00,44.50,231000,5.05
1993-10-04,39.50,43.50,39.50,43.00,330400,4.88
1993-09-27,38.00,39.75,38.00,39.50,440800,4.48
1993-09-20,38.50,39.25,35.75,38.25,924600,4.34
1993-09-13,43.00,43.00,38.50,38.50,982000,4.37
1993-09-07,44.75,45.13,42.00,43.00,346000,4.88
1993-08-30,44.50,45.50,44.00,45.13,387000,5.12
1993-08-23,44.50,45.25,43.50,44.50,221100,5.05
1993-08-16,43.25,46.00,42.25,45.00,136000,5.10
1993-08-09,44.75,44.75,42.25,43.25,135500,4.90
1993-08-02,41.25,44.50,40.75,44.50,208100,5.05
1993-07-26,43.00,43.00,39.50,41.75,373600,4.73
1993-07-19,46.00,46.00,41.75,42.75,294200,4.85
1993-07-12,44.00,46.75,42.75,45.00,256300,5.10
1993-07-06,43.88,44.75,42.25,44.00,176600,4.99
1993-06-28,40.25,45.00,39.75,43.25,411500,4.90
1993-06-21,41.50,41.50,38.75,40.00,139500,4.54
1993-06-14,40.75,41.50,40.50,40.75,119800,4.62
1993-06-07,40.00,41.50,38.25,41.25,158700,4.68
1993-06-01,39.75,41.50,39.00,40.50,222400,4.59
1993-05-24,35.25,41.00,34.50,39.75,697400,4.51
1993-05-17,37.00,37.25,34.25,34.75,263500,3.94
1993-05-10,35.00,39.00,35.00,37.00,349400,4.20
1993-05-03,35.75,36.00,35.00,35.75,185700,4.05
1993-04-26,35.00,35.75,34.75,35.00,290200,3.97
1993-04-19,34.75,36.00,33.50,34.25,409100,3.88
1993-04-12,32.25,35.00,31.75,34.75,139800,3.94
1993-04-05,33.50,33.50,31.00,32.25,166000,3.66
1993-03-29,33.75,35.00,32.50,32.75,254500,3.71
1993-03-22,33.00,33.75,32.75,33.75,167600,3.83
1993-03-15,32.75,34.00,32.00,33.00,236000,3.74
1993-03-08,30.00,34.00,29.50,32.25,421600,3.66
1993-03-01,27.75,30.25,27.75,29.50,126500,3.34
1993-02-22,30.00,30.00,27.00,28.75,294800,3.26
1993-02-16,30.75,30.75,29.50,30.00,909800,3.40
1993-02-08,30.25,30.25,29.50,29.87,661200,3.39
1993-02-01,28.50,30.00,28.50,30.00,340100,3.40
1993-01-25,29.50,30.50,29.00,29.00,521400,3.29
1993-01-18,29.50,29.87,28.25,29.25,684000,3.32
1993-01-11,29.50,30.87,29.50,29.62,2105100,3.36
1993-01-04,28.25,30.25,27.25,29.50,144100,3.34
1992-12-28,27.75,29.50,27.50,29.25,60200,3.32
1992-12-21,27.75,27.75,26.50,27.75,70200,3.15
1992-12-14,28.25,28.25,25.25,27.50,80000,3.12
1992-12-07,28.50,29.75,27.25,27.25,88600,3.09
1992-11-30,27.25,30.50,26.25,28.50,232000,3.23
1992-11-23,26.25,27.25,26.00,26.62,212800,3.02
1992-11-16,24.50,27.25,24.50,26.75,373200,3.03
1992-11-09,23.50,25.25,22.75,24.75,490700,2.81
1992-11-02,24.25,24.25,22.00,22.37,175600,2.54
1992-10-26,23.50,24.25,22.50,24.25,742200,2.75
1992-10-19,21.25,24.50,20.25,23.50,248400,2.66
1992-10-12,17.25,22.00,17.25,21.00,214700,2.38
1992-10-05,18.50,18.50,17.00,17.50,116300,1.98
1992-09-28,16.75,19.50,15.25,18.50,824600,2.10
1992-09-21,20.50,20.50,14.50,15.00,439500,1.70
1992-09-14,23.00,23.00,19.00,19.25,273100,2.18
1992-09-08,21.75,23.00,21.75,22.12,22200,2.51
1992-08-31,20.50,22.50,20.50,22.12,281900,2.51
1992-08-24,20.50,21.50,20.50,20.50,143300,2.32
1992-08-17,20.50,21.50,20.50,20.75,26700,2.35
1992-08-10,22.00,22.00,20.50,20.50,138400,2.32
1992-08-03,20.75,24.00,20.75,22.00,160900,2.49
1992-07-27,24.25,24.25,20.00,22.00,89600,2.49
1992-07-20,21.50,24.25,20.25,23.00,152400,2.61
1992-07-13,21.00,21.25,19.75,20.00,138500,2.27
1992-07-06,22.00,22.00,20.25,21.25,123800,2.41
1992-06-29,20.25,22.50,19.50,21.25,87200,2.41
1992-06-22,20.50,20.50,18.50,20.25,240100,2.30
1992-06-15,20.75,22.25,19.25,20.50,165400,2.32
1992-06-08,23.00,23.00,20.25,20.50,503500,2.32
1992-06-01,22.00,23.25,21.50,22.75,63800,2.58
1992-05-26,23.50,23.50,21.12,22.75,216000,2.58
1992-05-18,20.50,23.50,20.00,23.50,499300,2.66
1992-05-11,28.00,28.00,19.00,20.00,1488600,2.27
1992-05-04,24.25,28.50,24.25,27.50,164000,3.12
1992-04-27,22.75,25.00,22.50,25.00,267200,2.83
1992-04-20,26.25,27.50,22.75,22.75,533600,2.58
1992-04-13,28.00,28.00,26.25,27.00,311000,3.06
1992-04-06,28.50,29.25,26.25,27.75,159300,3.15
1992-03-30,29.50,30.50,28.50,28.50,226200,3.23
1992-03-23,30.75,30.75,29.75,30.50,204900,3.46
1992-03-16,31.50,32.00,29.25,30.75,291500,3.49
1992-03-09,31.75,32.75,31.50,31.75,218200,3.60
1992-03-02,30.00,34.00,29.00,32.50,463600,3.68
1992-02-24,31.25,32.00,29.00,30.00,559800,3.40
1992-02-18,26.00,31.75,25.25,30.75,1093400,3.49
1992-02-10,25.75,26.25,24.75,26.00,267000,2.95
1992-02-03,24.00,26.00,23.50,25.25,401100,2.86
1992-01-27,24.25,25.50,23.50,23.50,683800,2.66
1992-01-23,22.50,27.50,22.00,24.25,10648400,2.75
